{
    "animation": [
        {
            "name": "Root",
            "time": [0.0, 0.0167, 0.0333, 0.05, 0.0667, 0.0833, 0.1, 0.1167, 0.1333, 0.15, 0.1667, 0.1833, 0.2, 0.2167, 0.2333, 0.25, 0.2667, 0.2833, 0.3, 0.3167, 0.3333, 0.35, 0.3667, 0.3833, 0.4, 0.4167, 0.4333, 0.45, 0.4667, 0.4833, 0.5, 0.5167, 0.5333, 0.55, 0.5667, 0.5833, 0.6, 0.6167, 0.6333, 0.65, 0.6667, 0.6833, 0.7, 0.7167, 0.7333, 0.75, 0.7667, 0.7833, 0.8, 0.8167, 0.8333, 0.85, 0.8667, 0.8833, 0.9, 0.9167, 0.9333, 0.95, 0.9667, 0.9833, 1.0, 1.0167, 1.0333, 1.05, 1.0667, 1.0833, 1.1, 1.1167, 1.1333, 1.15, 1.1667, 1.1833, 1.2, 1.2167, 1.2333, 1.25, 1.2667, 1.2833, 1.3, 1.3167, 1.3333, 1.35, 1.3667, 1.3833, 1.4, 1.4167, 1.4333, 1.45, 1.4667, 1.4833, 1.5],
            "transform": [
                [0.20934, 0.130172, 0.96914, -0.001351, 0.882181, 0.402399, -0.244605, 0.032255, -0.421821, 0.906163, -0.030597, 0.376257, 0.0, 0.0, 0.0, 1.0],
                [0.165947, 0.131144, 0.977376, -0.001602, 0.878938, 0.429725, -0.206893, 0.047469, -0.447135, 0.893386, -0.043956, 0.375089, 0.0, 0.0, 0.0, 1.0],
                [0.127386, 0.133885, 0.982775, -0.001832, 0.873523, 0.454199, -0.175101, 0.072346, -0.469819, 0.880783, -0.059093, 0.376322, 0.0, 0.0, 0.0, 1.0],
                [0.102867, 0.135553, 0.985415, -0.001989, 0.866996, 0.473391, -0.155625, 0.107695, -0.487582, 0.87036, -0.068828, 0.378476, 0.0, 0.0, 0.0, 1.0],
                [0.086334, 0.134538, 0.98714, -0.002104, 0.859479, 0.491026, -0.142091, 0.153379, -0.503828, 0.860694, -0.07324, 0.380641, 0.0, 0.0, 0.0, 1.0],
                [0.077538, 0.130205, 0.988451, -0.002174, 0.851985, 0.506255, -0.13352, 0.206545, -0.517793, 0.852498, -0.071679, 0.382311, 0.0, 0.0, 0.0, 1.0],
                [0.076232, 0.121869, 0.989614, -0.002198, 0.845432, 0.518282, -0.12895, 0.264433, -0.528614, 0.846482, -0.063523, 0.38298, 0.0, 0.0, 0.0, 1.0],
                [0.082991, 0.11066, 0.990387, -0.002195, 0.839632, 0.527541, -0.129302, 0.323863, -0.536779, 0.842291, -0.049132, 0.382217, 0.0, 0.0, 0.0, 1.0],
                [0.093936, 0.098837, 0.99066, -0.002189, 0.833603, 0.536226, -0.132542, 0.378611, -0.544318, 0.838268, -0.03202, 0.380237, 0.0, 0.0, 0.0, 1.0],
                [0.104283, 0.087132, 0.990723, -0.002185, 0.827181, 0.545468, -0.135042, 0.423453, -0.552174, 0.83359, -0.015191, 0.377482, 0.0, 0.0, 0.0, 1.0],
                [0.117812, 0.075514, 0.990161, -0.002163, 0.820672, 0.55401, -0.139897, 0.46029, -0.559123, 0.829078, 0.003297, 0.374321, 0.0, 0.0, 0.0, 1.0],
                [0.140034, 0.063754, 0.988092, -0.002071, 0.814343, 0.560246, -0.151558, 0.494776, -0.563237, 0.825869, 0.026536, 0.371104, 0.0, 0.0, 0.0, 1.0],
                [0.174915, 0.051597, 0.983231, -0.001936, 0.808173, 0.562869, -0.17331, 0.540441, -0.562372, 0.824934, 0.056755, 0.36818, 0.0, 0.0, 0.0, 1.0],
                [0.226113, 0.03853, 0.973339, -0.001849, 0.80142, 0.560632, -0.208368, 0.612786, -0.553714, 0.827168, 0.095887, 0.365899, 0.0, 0.0, 0.0, 1.0],
                [0.302838, 0.023013, 0.952764, -0.001602, 0.790817, 0.551857, -0.264692, 0.730304, -0.531881, 0.833621, 0.148925, 0.364611, 0.0, 0.0, 0.0, 1.0],
                [0.434457, -0.000974, 0.900692, 0.023186, 0.762404, 0.532843, -0.367177, 0.906117, -0.47957, 0.846214, 0.23224, 0.364385, 0.0, 0.0, 0.0, 1.0],
                [0.627236, -0.034348, 0.778072, 0.077381, 0.689549, 0.488934, -0.53429, 1.0962, -0.362074, 0.871644, 0.330362, 0.375372, 0.0, 0.0, 0.0, 1.0],
                [0.815984, -0.06472, 0.574439, 0.131666, 0.542239, 0.43012, -0.721785, 1.276006, -0.200364, 0.900449, 0.386065, 0.402359, 0.0, 0.0, 0.0, 1.0],
                [0.934214, -0.059607, 0.351698, 0.156358, 0.346278, 0.388282, -0.854007, 1.430189, -0.085653, 0.919611, 0.383379, 0.436386, 0.0, 0.0, 0.0, 1.0],
                [0.981894, -0.026278, 0.187597, 0.15018, 0.184063, 0.366391, -0.912074, 1.546689, -0.044766, 0.93009, 0.364595, 0.469203, 0.0, 0.0, 0.0, 1.0],
                [0.9986, 0.000159, 0.052887, 0.135231, 0.049936, 0.326591, -0.943846, 1.626602, -0.017422, 0.945166, 0.326126, 0.49541, 0.0, 0.0, 0.0, 1.0],
                [0.9951, 0.021021, -0.09661, 0.116278, -0.098835, 0.237668, -0.966305, 1.67561, 0.002649, 0.971119, 0.238581, 0.511563, 0.0, 0.0, 0.0, 1.0],
                [0.974193, 0.025356, -0.224287, 0.095662, -0.225697, 0.122158, -0.966508, 1.704598, 0.002891, 0.992187, 0.124728, 0.519208, 0.0, 0.0, 0.0, 1.0],
                [0.961391, 0.020169, -0.274445, 0.075116, -0.274873, 0.022893, -0.961208, 1.725752, -0.013104, 0.999534, 0.027553, 0.521136, 0.0, 0.0, 0.0, 1.0],
                [0.974446, 0.022553, -0.223488, 0.056358, -0.222953, -0.024019, -0.974533, 1.756393, -0.027347, 0.999457, -0.018377, 0.5165, 0.0, 0.0, 0.0, 1.0],
                [0.997738, 0.027992, -0.061116, 0.041639, -0.060383, -0.026321, -0.997828, 1.826488, -0.02954, 0.999262, -0.024571, 0.502262, 0.0, 0.0, 0.0, 1.0],
                [0.998732, 0.029575, 0.040741, 0.035574, 0.041488, -0.025089, -0.998824, 1.938973, -0.028518, 0.999248, -0.026284, 0.48476, 0.0, 0.0, 0.0, 1.0],
                [0.839587, 0.066995, -0.539078, 0.052114, -0.542556, 0.152653, -0.826032, 2.03235, 0.026952, 0.986006, 0.164514, 0.469823, 0.0, 0.0, 0.0, 1.0],
                [0.37252, 0.128465, -0.91909, 0.068653, -0.895773, 0.308597, -0.319935, 2.021909, 0.242528, 0.942478, 0.230034, 0.453689, 0.0, 0.0, 0.0, 1.0],
                [0.362868, 0.160945, -0.917836, 0.062773, -0.871487, 0.407328, -0.273118, 2.008885, 0.329904, 0.898988, 0.288068, 0.43598, 0.0, 0.0, 0.0, 1.0],
                [0.360439, 0.171337, -0.916912, 0.055866, -0.878948, 0.3915, -0.272358, 2.002549, 0.312306, 0.904086, 0.291708, 0.428985, 0.0, 0.0, 0.0, 1.0],
                [0.343602, 0.152588, -0.926636, 0.05094, -0.891076, 0.364516, -0.270392, 1.998542, 0.296515, 0.91861, 0.261216, 0.424844, 0.0, 0.0, 0.0, 1.0],
                [0.316391, 0.119649, -0.941053, 0.04761, -0.907844, 0.325941, -0.263784, 1.995502, 0.275166, 0.937788, 0.211748, 0.421165, 0.0, 0.0, 0.0, 1.0],
                [0.283026, 0.079517, -0.95581, 0.045586, -0.92353, 0.291522, -0.249215, 1.993476, 0.258823, 0.953253, 0.155945, 0.41868, 0.0, 0.0, 0.0, 1.0],
                [0.245395, 0.039907, -0.968601, 0.044554, -0.934931, 0.273893, -0.22558, 1.992422, 0.256291, 0.960932, 0.104523, 0.417545, 0.0, 0.0, 0.0, 1.0],
                [0.205097, 0.005006, -0.978729, 0.044176, -0.942596, 0.27026, -0.196143, 1.991953, 0.263529, 0.962774, 0.060148, 0.417142, 0.0, 0.0, 0.0, 1.0],
                [0.165736, -0.022611, -0.985911, 0.044117, -0.947576, 0.273295, -0.165559, 1.991596, 0.273188, 0.961664, 0.023869, 0.417036, 0.0, 0.0, 0.0, 1.0],
                [0.130954, -0.041603, -0.990515, 0.044105, -0.951119, 0.276595, -0.137363, 1.990973, 0.279687, 0.960086, -0.003348, 0.416872, 0.0, 0.0, 0.0, 1.0],
                [0.101852, -0.053567, -0.993356, 0.044086, -0.953694, 0.278818, -0.112821, 1.990099, 0.283009, 0.958849, -0.022689, 0.416615, 0.0, 0.0, 0.0, 1.0],
                [0.078715, -0.060752, -0.995044, 0.044067, -0.955501, 0.280047, -0.092685, 1.989084, 0.28429, 0.958062, -0.036005, 0.416306, 0.0, 0.0, 0.0, 1.0],
                [0.061745, -0.065352, -0.99595, 0.044052, -0.9567, 0.280509, -0.077718, 1.988042, 0.284452, 0.957624, -0.045202, 0.415988, 0.0, 0.0, 0.0, 1.0],
                [0.05083, -0.069202, -0.996307, 0.044039, -0.957397, 0.280576, -0.068333, 1.987078, 0.284268, 0.957334, -0.051992, 0.415699, 0.0, 0.0, 0.0, 1.0],
                [0.044718, -0.072839, -0.996341, 0.04399, -0.95765, 0.280844, -0.063513, 1.986284, 0.284442, 0.956985, -0.057195, 0.415465, 0.0, 0.0, 0.0, 1.0],
                [0.041875, -0.076471, -0.996192, 0.043858, -0.957425, 0.281971, -0.061891, 1.985745, 0.28563, 0.95637, -0.061407, 0.415309, 0.0, 0.0, 0.0, 1.0],
                [0.040766, -0.080301, -0.995937, 0.043596, -0.956625, 0.284625, -0.062106, 1.985546, 0.288456, 0.95527, -0.065215, 0.415252, 0.0, 0.0, 0.0, 1.0],
                [0.043875, -0.084674, -0.995442, 0.042095, -0.954837, 0.289545, -0.066714, 1.985618, 0.293874, 0.953412, -0.068146, 0.415318, 0.0, 0.0, 0.0, 1.0],
                [0.054012, -0.089773, -0.994497, 0.038593, -0.951823, 0.296441, -0.078454, 1.985905, 0.301852, 0.950823, -0.069436, 0.415612, 0.0, 0.0, 0.0, 1.0],
                [0.070129, -0.095567, -0.99295, 0.033565, -0.94766, 0.304436, -0.096231, 1.986512, 0.311486, 0.947727, -0.069215, 0.416279, 0.0, 0.0, 0.0, 1.0],
                [0.091175, -0.102008, -0.990596, 0.027488, -0.94239, 0.31266, -0.118934, 1.987544, 0.321853, 0.944372, -0.067624, 0.417463, 0.0, 0.0, 0.0, 1.0],
                [0.116096, -0.109001, -0.987239, 0.020837, -0.936098, 0.32026, -0.145442, 1.989108, 0.332026, 0.941038, -0.064854, 0.41931, 0.0, 0.0, 0.0, 1.0],
                [0.14384, -0.116385, -0.982733, 0.014088, -0.92896, 0.326405, -0.174625, 1.991308, 0.341092, 0.938038, -0.061167, 0.421964, 0.0, 0.0, 0.0, 1.0],
                [0.17345, -0.123786, -0.977033, 0.007674, -0.921303, 0.330177, -0.205388, 1.994396, 0.348018, 0.935767, -0.056776, 0.425681, 0.0, 0.0, 0.0, 1.0],
                [0.204356, -0.130174, -0.970203, 0.001867, -0.913721, 0.330233, -0.236767, 1.999204, 0.351214, 0.93488, -0.051457, 0.431161, 0.0, 0.0, 0.0, 1.0],
                [0.235737, -0.135849, -0.962275, -0.003157, -0.906111, 0.327183, -0.268168, 2.006489, 0.35127, 0.935145, -0.045965, 0.43904, 0.0, 0.0, 0.0, 1.0],
                [0.266845, -0.141762, -0.953256, -0.007416, -0.897951, 0.322614, -0.299341, 2.01613, 0.349969, 0.935855, -0.041208, 0.449229, 0.0, 0.0, 0.0, 1.0],
                [0.297359, -0.147646, -0.943281, -0.01098, -0.889333, 0.316616, -0.329911, 2.027786, 0.347368, 0.936992, -0.037158, 0.461466, 0.0, 0.0, 0.0, 1.0],
                [0.326975, -0.153245, -0.932525, -0.013917, -0.880386, 0.309298, -0.359521, 2.041116, 0.343524, 0.938536, -0.033782, 0.475485, 0.0, 0.0, 0.0, 1.0],
                [0.355411, -0.15832, -0.921205, -0.016298, -0.871269, 0.300784, -0.387839, 2.055779, 0.338487, 0.940459, -0.031037, 0.491021, 0.0, 0.0, 0.0, 1.0],
                [0.382406, -0.162649, -0.909567, -0.018191, -0.862172, 0.291212, -0.414555, 2.071434, 0.332304, 0.94273, -0.02887, 0.507808, 0.0, 0.0, 0.0, 1.0],
                [0.407719, -0.166031, -0.897886, -0.019666, -0.853305, 0.28073, -0.439387, 2.087741, 0.325015, 0.945317, -0.027216, 0.525583, 0.0, 0.0, 0.0, 1.0],
                [0.43113, -0.168286, -0.886457, -0.020792, -0.844901, 0.26949, -0.46208, 2.104358, 0.316653, 0.948185, -0.026, 0.54408, 0.0, 0.0, 0.0, 1.0],
                [0.452434, -0.169253, -0.875589, -0.021638, -0.837201, 0.257649, -0.482402, 2.120945, 0.307243, 0.951299, -0.02513, 0.563035, 0.0, 0.0, 0.0, 1.0],
                [0.471439, -0.16879, -0.865595, -0.022274, -0.830455, 0.245355, -0.500145, 2.13716, 0.296798, 0.954626, -0.024503, 0.582182, 0.0, 0.0, 0.0, 1.0],
                [0.487958, -0.16677, -0.856787, -0.022768, -0.824916, 0.232752, -0.515111, 2.152662, 0.285324, 0.95813, -0.023998, 0.601256, 0.0, 0.0, 0.0, 1.0],
                [0.501802, -0.163081, -0.84947, -0.02319, -0.820831, 0.21997, -0.527114, 2.167112, 0.272821, 0.961778, -0.02348, 0.619993, 0.0, 0.0, 0.0, 1.0],
                [0.512771, -0.157619, -0.843932, -0.02361, -0.818438, 0.207123, -0.535965, 2.180167, 0.259276, 0.965534, -0.022795, 0.638127, 0.0, 0.0, 0.0, 1.0],
                [0.520648, -0.150287, -0.84044, -0.024096, -0.817961, 0.194301, -0.541467, 2.191487, 0.244674, 0.969361, -0.021767, 0.655394, 0.0, 0.0, 0.0, 1.0],
                [0.525456, -0.141116, -0.839037, -0.024713, -0.819413, 0.181534, -0.543698, 2.200712, 0.229038, 0.973207, -0.020244, 0.671519, 0.0, 0.0, 0.0, 1.0],
                [0.528298, -0.130615, -0.838952, -0.025508, -0.822022, 0.168684, -0.543899, 2.207415, 0.212559, 0.976978, -0.018252, 0.686183, 0.0, 0.0, 0.0, 1.0],
                [0.529321, -0.119147, -0.840014, -0.026508, -0.825628, 0.15562, -0.542329, 2.212337, 0.19534, 0.980605, -0.015999, 0.699135, 0.0, 0.0, 0.0, 1.0],
                [0.527937, -0.106903, -0.842529, -0.027686, -0.830517, 0.142409, -0.53848, 2.216557, 0.177549, 0.984018, -0.013602, 0.710413, 0.0, 0.0, 0.0, 1.0],
                [0.524435, -0.094216, -0.846222, -0.029003, -0.836374, 0.129199, -0.532717, 2.22013, 0.159521, 0.987133, -0.011043, 0.720134, 0.0, 0.0, 0.0, 1.0],
                [0.519126, -0.081404, -0.850813, -0.030417, -0.842889, 0.116147, -0.525403, 2.223109, 0.141589, 0.989891, -0.00832, 0.728409, 0.0, 0.0, 0.0, 1.0],
                [0.512341, -0.068767, -0.856025, -0.031888, -0.849772, 0.103418, -0.516907, 2.225547, 0.124075, 0.992258, -0.005451, 0.735355, 0.0, 0.0, 0.0, 1.0],
                [0.504436, -0.056584, -0.861593, -0.033376, -0.856758, 0.09119, -0.507593, 2.227499, 0.10729, 0.994225, -0.002479, 0.741085, 0.0, 0.0, 0.0, 1.0],
                [0.495784, -0.045106, -0.867274, -0.034841, -0.863609, 0.079648, -0.497831, 2.229021, 0.091532, 0.995802, 0.000535, 0.745712, 0.0, 0.0, 0.0, 1.0],
                [0.486773, -0.034562, -0.872845, -0.036241, -0.870121, 0.068987, -0.487986, 2.230163, 0.07708, 0.997019, 0.003508, 0.749353, 0.0, 0.0, 0.0, 1.0],
                [0.477801, -0.025159, -0.878108, -0.037537, -0.876119, 0.059405, -0.478421, 2.230982, 0.0642, 0.997917, 0.006342, 0.75212, 0.0, 0.0, 0.0, 1.0],
                [0.469272, -0.017081, -0.882888, -0.038688, -0.881453, 0.051105, -0.469498, 2.231531, 0.05314, 0.998547, 0.008926, 0.754127, 0.0, 0.0, 0.0, 1.0],
                [0.461589, -0.010501, -0.887032, -0.039654, -0.885996, 0.044291, -0.461574, 2.231864, 0.044135, 0.998963, 0.011141, 0.75549, 0.0, 0.0, 0.0, 1.0],
                [0.455151, -0.005579, -0.890397, -0.040393, -0.889628, 0.039168, -0.455003, 2.232035, 0.037413, 0.999217, 0.012864, 0.756322, 0.0, 0.0, 0.0, 1.0],
                [0.45035, -0.002477, -0.892849, -0.040867, -0.892235, 0.035936, -0.45014, 2.232098, 0.0332, 0.999351, 0.013974, 0.756738, 0.0, 0.0, 0.0, 1.0],
                [0.447568, -0.001362, -0.894249, -0.041034, -0.893687, 0.034795, -0.447339, 2.232107, 0.031724, 0.999394, 0.014356, 0.756851, 0.0, 0.0, 0.0, 1.0],
                [0.446064, -0.001305, -0.895, -0.041034, -0.894439, 0.034771, -0.445836, 2.232107, 0.031702, 0.999394, 0.014343, 0.756814, 0.0, 0.0, 0.0, 1.0],
                [0.444837, -0.001259, -0.895611, -0.041034, -0.89505, 0.034761, -0.444608, 2.232107, 0.031692, 0.999395, 0.014337, 0.756718, 0.0, 0.0, 0.0, 1.0],
                [0.443863, -0.001221, -0.896094, -0.041034, -0.895534, 0.034761, -0.443633, 2.232107, 0.031691, 0.999395, 0.014336, 0.756583, 0.0, 0.0, 0.0, 1.0],
                [0.443118, -0.001191, -0.896463, -0.041034, -0.895903, 0.034768, -0.442887, 2.232107, 0.031696, 0.999395, 0.014339, 0.756427, 0.0, 0.0, 0.0, 1.0],
                [0.442579, -0.00117, -0.896729, -0.041034, -0.896169, 0.034778, -0.442348, 2.232107, 0.031704, 0.999394, 0.014344, 0.756272, 0.0, 0.0, 0.0, 1.0],
                [0.442222, -0.001155, -0.896905, -0.041034, -0.896345, 0.03479, -0.441991, 2.232107, 0.031713, 0.999394, 0.01435, 0.756136, 0.0, 0.0, 0.0, 1.0],
                [0.442026, -0.001147, -0.897002, -0.041034, -0.896441, 0.034799, -0.441794, 2.232107, 0.031721, 0.999394, 0.014354, 0.75604, 0.0, 0.0, 0.0, 1.0],
                [0.441965, -0.001144, -0.897032, -0.041034, -0.896471, 0.034802, -0.441733, 2.232107, 0.031724, 0.999394, 0.014356, 0.756003, 0.0, 0.0, 0.0, 1.0]
            ]
        },
        {
            "name": "Thigh_R",
            "time": [0.0, 0.0167, 0.0333, 0.05, 0.0667, 0.0833, 0.1, 0.1167, 0.1333, 0.15, 0.1667, 0.1833, 0.2, 0.2167, 0.2333, 0.25, 0.2667, 0.2833, 0.3, 0.3167, 0.3333, 0.35, 0.3667, 0.3833, 0.4, 0.4167, 0.4333, 0.45, 0.4667, 0.4833, 0.5, 0.5167, 0.5333, 0.55, 0.5667, 0.5833, 0.6, 0.6167, 0.6333, 0.65, 0.6667, 0.6833, 0.7, 0.7167, 0.7333, 0.75, 0.7667, 0.7833, 0.8, 0.8167, 0.8333, 0.85, 0.8667, 0.8833, 0.9, 0.9167, 0.9333, 0.95, 0.9667, 0.9833, 1.0, 1.0167, 1.0333, 1.05, 1.0667, 1.0833, 1.1, 1.1167, 1.1333, 1.15, 1.1667, 1.1833, 1.2, 1.2167, 1.2333, 1.25, 1.2667, 1.2833, 1.3, 1.3167, 1.3333, 1.35, 1.3667, 1.3833, 1.4, 1.4167, 1.4333, 1.45, 1.4667, 1.4833, 1.5],
            "transform": [
                [0.006121, 0.898002, -0.439947, 0.124994, 0.962996, 0.113252, 0.244565, -0.00283, 0.269445, -0.425164, -0.86408, -1.2e-05, 0.0, 0.0, 0.0, 1.0],
                [-0.045771, 0.918822, -0.392007, 0.124993, 0.959653, 0.149428, 0.238194, -0.002831, 0.277435, -0.365287, -0.888591, -1.2e-05, 0.0, 0.0, 0.0, 1.0],
                [-0.095206, 0.941291, -0.32389, 0.124994, 0.957035, 0.176074, 0.230392, -0.002831, 0.273895, -0.288039, -0.917614, -1.2e-05, 0.0, 0.0, 0.0, 1.0],
                [-0.129736, 0.953382, -0.272448, 0.124994, 0.953459, 0.195375, 0.229656, -0.002831, 0.27218, -0.229974, -0.934361, -1.2e-05, 0.0, 0.0, 0.0, 1.0],
                [-0.153954, 0.95406, -0.257032, 0.124994, 0.947024, 0.216682, 0.237052, -0.002831, 0.281857, -0.20692, -0.936878, -1.2e-05, 0.0, 0.0, 0.0, 1.0],
                [-0.165653, 0.942943, -0.288816, 0.124994, 0.936778, 0.241988, 0.25276, -0.002831, 0.308228, -0.228685, -0.923416, -1.2e-05, 0.0, 0.0, 0.0, 1.0],
                [-0.16345, 0.922736, -0.349055, 0.124994, 0.921473, 0.269168, 0.280063, -0.002831, 0.352378, -0.275868, -0.894274, -1.2e-05, 0.0, 0.0, 0.0, 1.0],
                [-0.152877, 0.903435, -0.400537, 0.124993, 0.903781, 0.291762, 0.313133, -0.002831, 0.399757, -0.314127, -0.861114, -1.2e-05, 0.0, 0.0, 0.0, 1.0],
                [-0.140664, 0.889028, -0.435707, 0.124994, 0.885797, 0.309585, 0.345715, -0.002831, 0.442238, -0.337319, -0.831048, -1.2e-05, 0.0, 0.0, 0.0, 1.0],
                [-0.131879, 0.880342, -0.455634, 0.124993, 0.868855, 0.323924, 0.374382, -0.002831, 0.477175, -0.346507, -0.807611, -1.2e-05, 0.0, 0.0, 0.0, 1.0],
                [-0.122373, 0.874365, -0.469584, 0.124993, 0.852485, 0.334885, 0.401399, -0.002831, 0.508226, -0.351192, -0.786365, -1.2e-05, 0.0, 0.0, 0.0, 1.0],
                [-0.104012, 0.869612, -0.482653, 0.124993, 0.834275, 0.340475, 0.43366, -0.002831, 0.541447, -0.35756, -0.760911, -1.2e-05, 0.0, 0.0, 0.0, 1.0],
                [-0.065292, 0.87178, -0.485524, 0.124994, 0.808908, 0.331145, 0.485807, -0.002831, 0.584296, -0.361025, -0.726814, -1.2e-05, 0.0, 0.0, 0.0, 1.0],
                [0.008282, 0.896821, -0.442314, 0.124994, 0.767297, 0.277947, 0.577926, -0.002831, 0.641236, -0.344173, -0.685828, -1.2e-05, 0.0, 0.0, 0.0, 1.0],
                [0.135843, 0.956022, -0.259933, 0.124993, 0.690443, 0.096806, 0.716879, -0.00283, 0.710516, -0.276852, -0.64693, -1.2e-05, 0.0, 0.0, 0.0, 1.0],
                [0.383483, 0.911746, 0.147167, 0.124993, 0.500357, -0.339044, 0.796676, -0.002831, 0.776262, -0.231875, -0.586217, -1.2e-05, 0.0, 0.0, 0.0, 1.0],
                [0.706954, 0.535563, 0.461939, 0.124993, 0.176001, -0.765809, 0.618514, -0.002831, 0.68501, -0.355959, -0.635652, -1.2e-05, 0.0, 0.0, 0.0, 1.0],
                [0.887953, 0.101269, 0.448646, 0.124993, -0.07894, -0.927426, 0.365578, -0.00283, 0.453108, -0.360032, -0.815518, -1.2e-05, 0.0, 0.0, 0.0, 1.0],
                [0.952873, -0.067855, 0.295682, 0.124993, -0.123968, -0.976665, 0.175372, -0.00283, 0.276882, -0.203762, -0.939051, -1.2e-05, 0.0, 0.0, 0.0, 1.0],
                [0.97643, -0.009559, 0.215617, 0.124993, -0.026652, -0.996711, 0.076506, -0.002831, 0.214177, -0.08045, -0.973476, -1.2e-05, 0.0, 0.0, 0.0, 1.0],
                [0.979343, 0.092904, 0.179599, 0.124994, 0.088635, -0.995559, 0.031669, -0.002831, 0.181743, -0.015096, -0.98323, -1.2e-05, 0.0, 0.0, 0.0, 1.0],
                [0.970248, 0.210407, 0.119774, 0.124994, 0.213334, -0.976904, -0.01202, -0.002831, 0.114479, 0.037215, -0.992728, -1.2e-05, 0.0, 0.0, 0.0, 1.0],
                [0.93998, 0.333965, 0.070023, 0.124994, 0.338356, -0.938799, -0.064569, -0.002831, 0.044173, 0.084386, -0.995453, -1.2e-05, 0.0, 0.0, 0.0, 1.0],
                [0.902538, 0.425477, 0.06627, 0.124993, 0.430604, -0.892424, -0.134748, -0.002831, 0.001809, 0.150151, -0.988661, -1.2e-05, 0.0, 0.0, 0.0, 1.0],
                [0.878949, 0.454658, 0.143988, 0.124993, 0.476763, -0.845253, -0.241331, -0.00283, 0.011983, 0.280766, -0.959702, -1.2e-05, 0.0, 0.0, 0.0, 1.0],
                [0.850421, 0.349144, 0.393551, 0.124994, 0.513175, -0.715316, -0.474313, -0.002831, 0.11591, 0.605325, -0.787493, -1.2e-05, 0.0, 0.0, 0.0, 1.0],
                [0.809063, 0.126026, 0.574051, 0.124993, 0.560146, -0.461018, -0.688256, -0.002831, 0.17791, 0.878394, -0.443587, -1.2e-05, 0.0, 0.0, 0.0, 1.0],
                [0.772816, 0.583568, 0.249401, 0.124994, 0.622017, -0.61856, -0.48008, -0.002831, -0.12589, 0.526145, -0.841025, -1.2e-05, 0.0, 0.0, 0.0, 1.0],
                [0.686464, 0.606179, -0.401636, 0.124993, 0.676747, -0.734655, 0.047878, -0.002831, -0.266042, -0.304673, -0.914547, -1.2e-05, 0.0, 0.0, 0.0, 1.0],
                [0.766949, 0.566986, -0.300524, 0.124993, 0.639924, -0.710653, 0.29235, -0.00283, -0.04781, -0.41653, -0.907864, -1.2e-05, 0.0, 0.0, 0.0, 1.0],
                [0.756776, 0.599886, -0.259662, 0.124993, 0.650848, -0.654619, 0.384536, -0.00283, 0.060699, -0.460008, -0.885837, -1.2e-05, 0.0, 0.0, 0.0, 1.0],
                [0.742023, 0.619804, -0.255427, 0.124994, 0.662996, -0.622129, 0.416401, -0.002831, 0.099179, -0.478326, -0.872564, -1.2e-05, 0.0, 0.0, 0.0, 1.0],
                [0.721228, 0.63401, -0.279031, 0.124994, 0.685908, -0.597402, 0.415497, -0.002831, 0.096736, -0.491058, -0.865738, -1.2e-05, 0.0, 0.0, 0.0, 1.0],
                [0.704949, 0.6362, -0.31352, 0.124993, 0.705987, -0.587027, 0.396206, -0.002831, 0.068022, -0.500646, -0.862975, -1.2e-05, 0.0, 0.0, 0.0, 1.0],
                [0.70076, 0.623506, -0.34666, 0.124994, 0.712881, -0.593558, 0.373481, -0.002831, 0.027105, -0.508847, -0.86043, -1.2e-05, 0.0, 0.0, 0.0, 1.0],
                [0.704656, 0.601089, -0.377028, 0.124993, 0.70934, -0.609622, 0.353828, -0.00283, -0.017162, -0.516768, -0.855953, -1.2e-05, 0.0, 0.0, 0.0, 1.0],
                [0.710523, 0.576201, -0.403916, 0.124994, 0.701374, -0.626272, 0.340376, -0.00283, -0.056836, -0.525141, -0.849115, -1.2e-05, 0.0, 0.0, 0.0, 1.0],
                [0.714462, 0.554617, -0.426546, 0.124994, 0.694413, -0.636693, 0.335276, -0.002831, -0.08563, -0.535741, -0.840029, -1.2e-05, 0.0, 0.0, 0.0, 1.0],
                [0.716868, 0.537317, -0.444285, 0.124994, 0.689455, -0.641091, 0.337122, -0.002831, -0.103686, -0.547986, -0.830036, -1.2e-05, 0.0, 0.0, 0.0, 1.0],
                [0.718804, 0.524248, -0.456599, 0.124994, 0.686014, -0.641349, 0.343592, -0.002831, -0.112712, -0.560208, -0.820647, -1.2e-05, 0.0, 0.0, 0.0, 1.0],
                [0.720968, 0.515484, -0.463119, 0.124994, 0.683454, -0.639307, 0.352385, -0.00283, -0.114426, -0.570578, -0.813232, -1.2e-05, 0.0, 0.0, 0.0, 1.0],
                [0.723727, 0.51093, -0.463862, 0.124994, 0.68116, -0.636666, 0.361491, -0.00283, -0.110629, -0.577585, -0.808799, -1.2e-05, 0.0, 0.0, 0.0, 1.0],
                [0.727138, 0.509523, -0.460059, 0.124994, 0.678659, -0.634469, 0.369958, -0.002831, -0.103391, -0.581233, -0.807141, -1.2e-05, 0.0, 0.0, 0.0, 1.0],
                [0.731205, 0.509896, -0.453148, 0.124993, 0.675529, -0.633621, 0.377072, -0.002831, -0.094856, -0.581832, -0.807758, -1.2e-05, 0.0, 0.0, 0.0, 1.0],
                [0.735993, 0.510618, -0.444501, 0.124994, 0.671352, -0.635043, 0.382105, -0.002831, -0.087168, -0.579643, -0.810194, -1.2e-05, 0.0, 0.0, 0.0, 1.0],
                [0.74282, 0.512759, -0.430459, 0.124994, 0.66493, -0.639964, 0.385114, -0.00283, -0.078008, -0.572295, -0.816328, -1.2e-05, 0.0, 0.0, 0.0, 1.0],
                [0.752097, 0.51814, -0.407284, 0.124993, 0.655916, -0.648686, 0.385976, -0.00283, -0.06421, -0.557435, -0.827733, -1.2e-05, 0.0, 0.0, 0.0, 1.0],
                [0.762581, 0.526334, -0.376087, 0.124994, 0.64521, -0.660747, 0.383556, -0.00283, -0.04662, -0.535147, -0.843471, -1.2e-05, 0.0, 0.0, 0.0, 1.0],
                [0.77308, 0.536804, -0.337914, 0.124994, 0.633769, -0.675623, 0.376655, -0.002831, -0.026113, -0.505344, -0.862523, -1.2e-05, 0.0, 0.0, 0.0, 1.0],
                [0.78253, 0.54894, -0.293784, 0.124994, 0.622601, -0.692682, 0.364085, -0.002831, -0.003638, -0.467818, -0.883817, -1.2e-05, 0.0, 0.0, 0.0, 1.0],
                [0.790041, 0.562112, -0.24467, 0.124993, 0.612734, -0.71115, 0.344703, -0.002831, 0.019765, -0.422247, -0.906265, -1.2e-05, 0.0, 0.0, 0.0, 1.0],
                [0.794832, 0.576047, -0.190812, 0.124994, 0.605295, -0.730282, 0.316707, -0.002831, 0.043092, -0.367226, -0.929132, -1.2e-05, 0.0, 0.0, 0.0, 1.0],
                [0.795911, 0.591594, -0.128605, 0.124993, 0.601829, -0.750067, 0.274224, -0.00283, 0.065767, -0.295656, -0.953028, -1.2e-05, 0.0, 0.0, 0.0, 1.0],
                [0.795262, 0.603691, -0.055797, 0.124994, 0.599792, -0.770021, 0.217517, -0.002831, 0.088348, -0.20645, -0.97446, -1.2e-05, 0.0, 0.0, 0.0, 1.0],
                [0.79535, 0.605317, 0.03175, 0.124994, 0.59578, -0.790317, 0.142979, -0.002831, 0.111641, -0.094803, -0.989216, -1.2e-05, 0.0, 0.0, 0.0, 1.0],
                [0.795933, 0.596873, 0.101152, 0.124994, 0.590019, -0.802232, 0.091101, -0.002831, 0.135524, -0.012829, -0.990691, -1.2e-05, 0.0, 0.0, 0.0, 1.0],
                [0.796828, 0.587566, 0.140816, 0.124994, 0.582663, -0.808934, 0.078269, -0.002831, 0.159899, 0.019681, -0.986937, -1.2e-05, 0.0, 0.0, 0.0, 1.0],
                [0.797902, 0.575294, 0.179967, 0.124993, 0.573802, -0.81636, 0.065621, -0.002831, 0.184669, 0.050906, -0.981482, -1.2e-05, 0.0, 0.0, 0.0, 1.0],
                [0.799072, 0.560298, 0.218055, 0.124994, 0.563471, -0.824402, 0.053461, -0.002831, 0.20972, 0.080149, -0.974471, -1.2e-05, 0.0, 0.0, 0.0, 1.0],
                [0.800305, 0.542864, 0.254575, 0.124994, 0.551659, -0.833006, 0.042087, -0.00283, 0.23491, 0.106756, -0.966137, -1.2e-05, 0.0, 0.0, 0.0, 1.0],
                [0.801616, 0.523312, 0.289055, 0.124994, 0.538309, -0.842147, 0.03179, -0.002831, 0.260063, 0.130117, -0.956784, -1.2e-05, 0.0, 0.0, 0.0, 1.0],
                [0.803074, 0.528438, 0.27536, 0.124993, 0.523326, -0.846457, 0.098165, -0.002831, 0.284955, 0.065269, -0.956316, -1.2e-05, 0.0, 0.0, 0.0, 1.0],
                [0.804798, 0.52428, 0.278259, 0.124994, 0.506582, -0.851027, 0.138294, -0.002831, 0.309311, 0.029662, -0.950498, -1.2e-05, 0.0, 0.0, 0.0, 1.0],
                [0.806963, 0.517727, 0.284195, 0.124993, 0.487912, -0.855543, 0.173162, -0.00283, 0.332792, -0.001073, -0.943, -1.2e-05, 0.0, 0.0, 0.0, 1.0],
                [0.809798, 0.510013, 0.290021, 0.124993, 0.467126, -0.859556, 0.207254, -0.00283, 0.354992, -0.032357, -0.934309, -1.2e-05, 0.0, 0.0, 0.0, 1.0],
                [0.813579, 0.50137, 0.294473, 0.124994, 0.44401, -0.862694, 0.242099, -0.002831, 0.375422, -0.066218, -0.924486, -1.2e-05, 0.0, 0.0, 0.0, 1.0],
                [0.818627, 0.4917, 0.296781, 0.124993, 0.418338, -0.864555, 0.27845, -0.002831, 0.393498, -0.103792, -0.913447, -1.2e-05, 0.0, 0.0, 0.0, 1.0],
                [0.825162, 0.48071, 0.29669, 0.124994, 0.38991, -0.86471, 0.316615, -0.00283, 0.40875, -0.145576, -0.900961, -1.2e-05, 0.0, 0.0, 0.0, 1.0],
                [0.832861, 0.468098, 0.29534, 0.124994, 0.358656, -0.862851, 0.356162, -0.002831, 0.421553, -0.190708, -0.886523, -1.2e-05, 0.0, 0.0, 0.0, 1.0],
                [0.841337, 0.453958, 0.293381, 0.124994, 0.325829, -0.859036, 0.394829, -0.00283, 0.431261, -0.236592, -0.870653, -1.2e-05, 0.0, 0.0, 0.0, 1.0],
                [0.850567, 0.438318, 0.290535, 0.124994, 0.292976, -0.853786, 0.430362, -0.002831, 0.436691, -0.280932, -0.854622, -1.2e-05, 0.0, 0.0, 0.0, 1.0],
                [0.860522, 0.419046, 0.289656, 0.124994, 0.259666, -0.850019, 0.4583, -0.002831, 0.438262, -0.319163, -0.840274, -1.2e-05, 0.0, 0.0, 0.0, 1.0],
                [0.871026, 0.394919, 0.292148, 0.124994, 0.226044, -0.850238, 0.475393, -0.002831, 0.436137, -0.348041, -0.82985, -1.2e-05, 0.0, 0.0, 0.0, 1.0],
                [0.881832, 0.366967, 0.296151, 0.124994, 0.193428, -0.854241, 0.482551, -0.002831, 0.430065, -0.368245, -0.824282, -1.2e-05, 0.0, 0.0, 0.0, 1.0],
                [0.892706, 0.336174, 0.300103, 0.124994, 0.16298, -0.861723, 0.480489, -0.002831, 0.420134, -0.380024, -0.824056, -1.2e-05, 0.0, 0.0, 0.0, 1.0],
                [0.903425, 0.303558, 0.302775, 0.124994, 0.135622, -0.872264, 0.469851, -0.00283, 0.406727, -0.383412, -0.829197, -1.2e-05, 0.0, 0.0, 0.0, 1.0],
                [0.913789, 0.270179, 0.3033, 0.124994, 0.11198, -0.885329, 0.451276, -0.002831, 0.390446, -0.378407, -0.839261, -1.2e-05, 0.0, 0.0, 0.0, 1.0],
                [0.923609, 0.23713, 0.301188, 0.124994, 0.092411, -0.900267, 0.425414, -0.002831, 0.372028, -0.365083, -0.853411, -1.2e-05, 0.0, 0.0, 0.0, 1.0],
                [0.932721, 0.205523, 0.296294, 0.124994, 0.077041, -0.916281, 0.393053, -0.00283, 0.35227, -0.343782, -0.870471, -1.2e-05, 0.0, 0.0, 0.0, 1.0],
                [0.940987, 0.176512, 0.288766, 0.124994, 0.06583, -0.932385, 0.355417, -0.002831, 0.331977, -0.315434, -0.888984, -1.2e-05, 0.0, 0.0, 0.0, 1.0],
                [0.948298, 0.151475, 0.278899, 0.124994, 0.058646, -0.947255, 0.315064, -0.00283, 0.311913, -0.282418, -0.907166, -1.2e-05, 0.0, 0.0, 0.0, 1.0],
                [0.954576, 0.132553, 0.266856, 0.124993, 0.055334, -0.958881, 0.278358, -0.002831, 0.29278, -0.250948, -0.922662, -1.2e-05, 0.0, 0.0, 0.0, 1.0],
                [0.959768, 0.123755, 0.25205, 0.124993, 0.055779, -0.963775, 0.260813, -0.002831, 0.275196, -0.236261, -0.931906, -1.2e-05, 0.0, 0.0, 0.0, 1.0],
                [0.964009, 0.121842, 0.236306, 0.124993, 0.057964, -0.963743, 0.260456, -0.002831, 0.259473, -0.237385, -0.936121, -1.2e-05, 0.0, 0.0, 0.0, 1.0],
                [0.967515, 0.120331, 0.222337, 0.124993, 0.059898, -0.963525, 0.260823, -0.002831, 0.245613, -0.239032, -0.939435, -1.2e-05, 0.0, 0.0, 0.0, 1.0],
                [0.970358, 0.119151, 0.210253, 0.124994, 0.061567, -0.963184, 0.261696, -0.002831, 0.233693, -0.240994, -0.941971, -1.2e-05, 0.0, 0.0, 0.0, 1.0],
                [0.972601, 0.118249, 0.200154, 0.124994, 0.062961, -0.962778, 0.262854, -0.002831, 0.223786, -0.243051, -0.943846, -1.2e-05, 0.0, 0.0, 0.0, 1.0],
                [0.974297, 0.117588, 0.192137, 0.124993, 0.064068, -0.962366, 0.264091, -0.002831, 0.21596, -0.244993, -0.945166, -1.2e-05, 0.0, 0.0, 0.0, 1.0],
                [0.975485, 0.117142, 0.186295, 0.124994, 0.064875, -0.962004, 0.26521, -0.00283, 0.210284, -0.246622, -0.946022, -1.2e-05, 0.0, 0.0, 0.0, 1.0],
                [0.976191, 0.11689, 0.18272, 0.124993, 0.065369, -0.961748, 0.266018, -0.002831, 0.206826, -0.24774, -0.946492, -1.2e-05, 0.0, 0.0, 0.0, 1.0],
                [0.976427, 0.116813, 0.181506, 0.124994, 0.065537, -0.96165, 0.266331, -0.002831, 0.205656, -0.248157, -0.946638, -1.2e-05, 0.0, 0.0, 0.0, 1.0]
            ]
        },
        {
            "name": "Leg_R",
            "time": [0.0, 0.0167, 0.0333, 0.05, 0.0667, 0.0833, 0.1, 0.1167, 0.1333, 0.15, 0.1667, 0.1833, 0.2, 0.2167, 0.2333, 0.25, 0.2667, 0.2833, 0.3, 0.3167, 0.3333, 0.35, 0.3667, 0.3833, 0.4, 0.4167, 0.4333, 0.45, 0.4667, 0.4833, 0.5, 0.5167, 0.5333, 0.55, 0.5667, 0.5833, 0.6, 0.6167, 0.6333, 0.65, 0.6667, 0.6833, 0.7, 0.7167, 0.7333, 0.75, 0.7667, 0.7833, 0.8, 0.8167, 0.8333, 0.85, 0.8667, 0.8833, 0.9, 0.9167, 0.9333, 0.95, 0.9667, 0.9833, 1.0, 1.0167, 1.0333, 1.05, 1.0667, 1.0833, 1.1, 1.1167, 1.1333, 1.15, 1.1667, 1.1833, 1.2, 1.2167, 1.2333, 1.25, 1.2667, 1.2833, 1.3, 1.3167, 1.3333, 1.35, 1.3667, 1.3833, 1.4, 1.4167, 1.4333, 1.45, 1.4667, 1.4833, 1.5],
            "transform": [
                [1.000001, -1e-06, 1e-06, 0.0, -0.0, 0.403651, 0.914909, 0.374726, -1e-06, -0.914921, 0.403645, -0.0, 0.0, 0.0, 0.0, 1.0],
                [1.000001, -1e-06, 1e-06, -0.0, -0.0, 0.432289, 0.901732, 0.374726, -1e-06, -0.901743, 0.432282, 0.0, 0.0, 0.0, 0.0, 1.0],
                [1.000001, -1e-06, 1e-06, -0.0, -0.0, 0.517001, 0.855982, 0.374726, -1e-06, -0.855993, 0.516993, -0.0, 0.0, 0.0, 0.0, 1.0],
                [1.000001, -1e-06, 1e-06, 0.0, -0.0, 0.582981, 0.812485, 0.374726, -1e-06, -0.812495, 0.582972, 0.0, 0.0, 0.0, 0.0, 1.0],
                [1.000001, -1e-06, 1e-06, -0.0, -0.0, 0.583889, 0.811833, 0.374726, -1e-06, -0.811843, 0.58388, 0.0, 0.0, 0.0, 0.0, 1.0],
                [1.000001, -1e-06, 1e-06, 0.0, -0.0, 0.490864, 0.871234, 0.374726, -1e-06, -0.871245, 0.490856, -0.0, 0.0, 0.0, 0.0, 1.0],
                [1.000001, -1e-06, 0.0, 0.0, -0.0, 0.31203, 0.950068, 0.374726, -1e-06, -0.950079, 0.312025, 0.0, 0.0, 0.0, 0.0, 1.0],
                [1.000001, -1e-06, 0.0, 0.0, -0.0, 0.132564, 0.991169, 0.374726, -1e-06, -0.991181, 0.132562, 0.0, 0.0, 0.0, 0.0, 1.0],
                [1.000001, -1e-06, 0.0, -0.0, -0.0, -0.015682, 0.999872, 0.374726, -1e-06, -0.999884, -0.015682, 0.0, 0.0, 0.0, 0.0, 1.0],
                [1.000001, -1e-06, 0.0, 0.0, -0.0, -0.127167, 0.991876, 0.374726, -1e-06, -0.991888, -0.127165, -0.0, 0.0, 0.0, 0.0, 1.0],
                [1.0, -1e-06, 0.0, -0.0, -0.0, -0.214177, 0.976789, 0.374726, -1e-06, -0.976802, -0.214174, -0.0, 0.0, 0.0, 0.0, 1.0],
                [1.000001, -1e-06, 0.0, -0.0, -0.0, -0.293095, 0.956079, 0.374726, -1e-06, -0.95609, -0.293091, 0.0, 0.0, 0.0, 0.0, 1.0],
                [1.000001, -1e-06, -0.0, -0.0, -0.0, -0.383578, 0.923505, 0.374726, -1e-06, -0.923516, -0.383572, 0.0, 0.0, 0.0, 0.0, 1.0],
                [1.000001, -1e-06, -0.0, 0.0, -0.0, -0.486879, 0.873467, 0.374726, -1e-06, -0.873477, -0.486872, 0.0, 0.0, 0.0, 0.0, 1.0],
                [1.000001, -1e-06, -0.0, -0.0, -0.0, -0.572394, 0.819978, 0.374726, -1e-06, -0.819988, -0.572385, 0.0, 0.0, 0.0, 0.0, 1.0],
                [1.000001, -0.0, -0.0, -0.0, -0.0, -0.564356, 0.82553, 0.374726, -1e-06, -0.825541, -0.564347, 0.0, 0.0, 0.0, 0.0, 1.0],
                [1.000001, -1e-06, -0.0, -0.0, -0.0, -0.366764, 0.93031, 0.374726, -0.0, -0.930322, -0.366758, 0.0, 0.0, 0.0, 0.0, 1.0],
                [1.000001, -1e-06, 0.0, 0.0, -0.0, -0.04718, 0.998881, 0.374726, -1e-06, -0.998893, -0.047179, 0.0, 0.0, 0.0, 0.0, 1.0],
                [1.000001, -1e-06, 0.0, -0.0, -0.0, 0.231201, 0.972901, 0.374726, -1e-06, -0.972913, 0.231197, 0.0, 0.0, 0.0, 0.0, 1.0],
                [1.000001, -1e-06, 1e-06, -0.0, -0.0, 0.386941, 0.922101, 0.374726, -1e-06, -0.922112, 0.386935, 0.0, 0.0, 0.0, 0.0, 1.0],
                [1.000001, -1e-06, 1e-06, 0.0, -0.0, 0.45232, 0.891853, 0.374726, -1e-06, -0.891864, 0.452313, -0.0, 0.0, 0.0, 0.0, 1.0],
                [1.000001, -1e-06, 1e-06, -0.0, -0.0, 0.456486, 0.889727, 0.374726, -1e-06, -0.889739, 0.456479, -0.0, 0.0, 0.0, 0.0, 1.0],
                [1.000001, -1e-06, 0.0, -0.0, -0.0, 0.440472, 0.897764, 0.374726, -1e-06, -0.897774, 0.440465, -0.0, 0.0, 0.0, 0.0, 1.0],
                [1.000001, -1e-06, 1e-06, 0.0, -0.0, 0.451993, 0.892018, 0.374726, -1e-06, -0.892029, 0.451986, 0.0, 0.0, 0.0, 0.0, 1.0],
                [1.000001, -1e-06, 1e-06, -0.0, -0.0, 0.540069, 0.841619, 0.374726, -1e-06, -0.84163, 0.54006, -0.0, 0.0, 0.0, 0.0, 1.0],
                [1.0, -0.0, 1e-06, 0.0, -0.0, 0.833831, 0.552027, 0.374726, -1e-06, -0.552034, 0.833818, -0.0, 0.0, 0.0, 0.0, 1.0],
                [1.000001, 0.0, 1e-06, 0.0, -0.0, 0.999997, 0.004765, 0.374726, -1e-06, -0.004765, 0.999981, -0.0, 0.0, 0.0, 0.0, 1.0],
                [1.000001, 0.0, 1e-06, -0.0, 0.0, 0.999997, 0.004691, 0.374726, -1e-06, -0.004691, 0.999982, -0.0, 0.0, 0.0, 0.0, 1.0],
                [1.000001, -0.0, 1e-06, 0.0, -0.0, 0.881283, 0.472601, 0.374726, -1e-06, -0.472607, 0.881269, 0.0, 0.0, 0.0, 0.0, 1.0],
                [1.000001, -0.0, 1e-06, 0.0, -0.0, 0.847056, 0.531512, 0.374726, -1e-06, -0.531519, 0.847043, -0.0, 0.0, 0.0, 0.0, 1.0],
                [1.0, -1e-06, 1e-06, 0.0, -0.0, 0.80547, 0.592641, 0.374726, -1e-06, -0.592649, 0.805458, -0.0, 0.0, 0.0, 0.0, 1.0],
                [1.000001, -0.0, 1e-06, 0.0, -0.0, 0.776658, 0.629927, 0.374726, -1e-06, -0.629935, 0.776645, -0.0, 0.0, 0.0, 0.0, 1.0],
                [1.000001, -0.0, 1e-06, -0.0, -0.0, 0.749735, 0.661741, 0.374726, -1e-06, -0.661749, 0.749724, 0.0, 0.0, 0.0, 0.0, 1.0],
                [1.000001, -1e-06, 1e-06, 0.0, -0.0, 0.732239, 0.681051, 0.374726, -1e-06, -0.681059, 0.732227, 0.0, 0.0, 0.0, 0.0, 1.0],
                [1.000001, -1e-06, 1e-06, 0.0, -0.0, 0.728261, 0.685303, 0.374726, -1e-06, -0.685311, 0.72825, -0.0, 0.0, 0.0, 0.0, 1.0],
                [1.0, -0.0, 1e-06, -0.0, -0.0, 0.73305, 0.680177, 0.374726, -1e-06, -0.680186, 0.733038, -0.0, 0.0, 0.0, 0.0, 1.0],
                [1.000001, -0.0, 1e-06, 0.0, -0.0, 0.740519, 0.672039, 0.374726, -1e-06, -0.672047, 0.740507, -0.0, 0.0, 0.0, 0.0, 1.0],
                [1.0, -1e-06, 1e-06, 0.0, -0.0, 0.745384, 0.666639, 0.374726, -1e-06, -0.666647, 0.745372, 0.0, 0.0, 0.0, 0.0, 1.0],
                [1.0, -0.0, 1e-06, -0.0, -0.0, 0.747146, 0.664663, 0.374726, -1e-06, -0.664672, 0.747134, -0.0, 0.0, 0.0, 0.0, 1.0],
                [1.000001, -1e-06, 1e-06, 0.0, -0.0, 0.746697, 0.665168, 0.374726, -1e-06, -0.665176, 0.746685, -0.0, 0.0, 0.0, 0.0, 1.0],
                [1.000001, -1e-06, 1e-06, -0.0, -0.0, 0.74491, 0.667169, 0.374726, -1e-06, -0.667177, 0.744898, 0.0, 0.0, 0.0, 0.0, 1.0],
                [1.0, -0.0, 1e-06, 0.0, -0.0, 0.742642, 0.669691, 0.374726, -1e-06, -0.6697, 0.742631, 0.0, 0.0, 0.0, 0.0, 1.0],
                [1.000001, -1e-06, 1e-06, 0.0, -0.0, 0.740758, 0.671775, 0.374726, -1e-06, -0.671783, 0.740746, -0.0, 0.0, 0.0, 0.0, 1.0],
                [1.000001, -0.0, 1e-06, -0.0, -0.0, 0.740166, 0.672427, 0.374726, -1e-06, -0.672436, 0.740155, 0.0, 0.0, 0.0, 0.0, 1.0],
                [1.0, -1e-06, 1e-06, 0.0, -0.0, 0.7418, 0.670624, 0.374726, -1e-06, -0.670632, 0.741789, 0.0, 0.0, 0.0, 0.0, 1.0],
                [1.000001, -1e-06, 1e-06, -0.0, -0.0, 0.748216, 0.663459, 0.374726, -1e-06, -0.663467, 0.748204, 0.0, 0.0, 0.0, 0.0, 1.0],
                [1.000001, -1e-06, 1e-06, 0.0, -0.0, 0.760786, 0.649007, 0.374726, -1e-06, -0.649015, 0.760774, 0.0, 0.0, 0.0, 0.0, 1.0],
                [1.000001, -0.0, 1e-06, -0.0, -0.0, 0.778736, 0.627356, 0.374726, -1e-06, -0.627364, 0.778724, -0.0, 0.0, 0.0, 0.0, 1.0],
                [1.000001, -0.0, 1e-06, -0.0, -0.0, 0.801292, 0.598279, 0.374726, -1e-06, -0.598287, 0.80128, 0.0, 0.0, 0.0, 0.0, 1.0],
                [1.000001, -1e-06, 1e-06, -0.0, -0.0, 0.82763, 0.561281, 0.374726, -1e-06, -0.561289, 0.827617, 0.0, 0.0, 0.0, 0.0, 1.0],
                [1.000001, -0.0, 1e-06, -0.0, -0.0, 0.856851, 0.515574, 0.374726, -1e-06, -0.51558, 0.856837, 0.0, 0.0, 0.0, 0.0, 1.0],
                [1.000001, -0.0, 1e-06, 0.0, -0.0, 0.888867, 0.458178, 0.374726, -1e-06, -0.458184, 0.888852, 0.0, 0.0, 0.0, 0.0, 1.0],
                [1.0, -0.0, 1e-06, -0.0, -0.0, 0.92712, 0.374782, 0.374726, -1e-06, -0.374787, 0.927105, 0.0, 0.0, 0.0, 0.0, 1.0],
                [1.0, -0.0, 1e-06, 0.0, -0.0, 0.965392, 0.260831, 0.374726, -1e-06, -0.260835, 0.965377, 0.0, 0.0, 0.0, 0.0, 1.0],
                [1.0, -0.0, 1e-06, -0.0, -0.0, 0.994673, 0.103157, 0.374726, -1e-06, -0.103158, 0.994658, -0.0, 0.0, 0.0, 0.0, 1.0],
                [1.000001, -0.0, 1e-06, -0.0, -0.0, 0.999997, 0.004684, 0.374726, -1e-06, -0.004684, 0.999982, -0.0, 0.0, 0.0, 0.0, 1.0],
                [1.000001, -0.0, 1e-06, -0.0, -0.0, 0.999997, 0.004687, 0.374726, -1e-06, -0.004688, 0.999981, -0.0, 0.0, 0.0, 0.0, 1.0],
                [1.000001, 0.0, 1e-06, -0.0, -0.0, 0.999997, 0.004689, 0.374726, -1e-06, -0.004689, 0.999981, 0.0, 0.0, 0.0, 0.0, 1.0],
                [1.0, -0.0, 1e-06, 0.0, -0.0, 0.999998, 0.004688, 0.374726, -1e-06, -0.004688, 0.999981, 0.0, 0.0, 0.0, 0.0, 1.0],
                [1.000001, -0.0, 1e-06, 0.0, 0.0, 0.999998, 0.004685, 0.374726, -1e-06, -0.004685, 0.999982, -0.0, 0.0, 0.0, 0.0, 1.0],
                [1.0, 0.0, 1e-06, -0.0, -0.0, 0.999997, 0.004681, 0.374726, -1e-06, -0.004681, 0.999982, 0.0, 0.0, 0.0, 0.0, 1.0],
