{
    "animation": [
        {
            "name": "Root",
            "time": [0.0, 0.0167, 0.0333, 0.05, 0.0667, 0.0833, 0.1, 0.1167, 0.1333, 0.15, 0.1667, 0.1833, 0.2, 0.2167, 0.2333, 0.25, 0.2667, 0.2833, 0.3, 0.3167, 0.3333, 0.35, 0.3667, 0.3833, 0.4, 0.4167, 0.4333, 0.45, 0.4667, 0.4833, 0.5, 0.5167, 0.5333, 0.55, 0.5667, 0.5833, 0.6, 0.6167, 0.6333, 0.65, 0.6667, 0.6833, 0.7, 0.7167, 0.7333, 0.75, 0.7667, 0.7833, 0.8, 0.8167, 0.8333, 0.85, 0.8667, 0.8833, 0.9, 0.9167, 0.9333, 0.95, 0.9667, 0.9833, 1.0, 1.0167, 1.0333, 1.05, 1.0667, 1.0833, 1.1, 1.1167, 1.1333, 1.15, 1.1667, 1.1833, 1.2, 1.2167, 1.2333, 1.25, 1.2667, 1.2833, 1.3, 1.3167, 1.3333, 1.35, 1.3667, 1.3833, 1.4, 1.4167, 1.4333, 1.45, 1.4667, 1.4833, 1.5, 1.5167, 1.5333, 1.55],
            "transform": [
                [-0.227924, -0.287359, -0.93031, 0.004471, -0.935984, 0.327943, 0.128018, -0.033677, 0.268302, 0.899933, -0.343709, 0.407639, 0.0, 0.0, 0.0, 1.0],
                [-0.238745, -0.305094, -0.921911, 0.004675, -0.933545, 0.333514, 0.131386, -0.035665, 0.267385, 0.892012, -0.364443, 0.40736, 0.0, 0.0, 0.0, 1.0],
                [-0.270402, -0.349183, -0.897192, 0.0061, -0.927216, 0.345293, 0.145065, -0.041145, 0.25914, 0.871117, -0.417136, 0.406695, 0.0, 0.0, 0.0, 1.0],
                [-0.320578, -0.405862, -0.855866, 0.009967, -0.917732, 0.356788, 0.174557, -0.049394, 0.234516, 0.841414, -0.486851, 0.405901, 0.0, 0.0, 0.0, 1.0],
                [-0.385431, -0.462993, -0.798174, 0.017497, -0.904083, 0.362538, 0.226278, -0.059688, 0.184603, 0.808829, -0.558317, 0.405236, 0.0, 0.0, 0.0, 1.0],
                [-0.460193, -0.511658, -0.725554, 0.029913, -0.881973, 0.357091, 0.307585, -0.071305, 0.10171, 0.781468, -0.6156, 0.404957, 0.0, 0.0, 0.0, 1.0],
                [-0.531781, -0.54661, -0.646859, 0.04627, -0.846882, 0.343258, 0.40616, -0.082538, 2.8e-05, 0.763801, -0.645452, 0.417404, 0.0, 0.0, 0.0, 1.0],
                [-0.555964, -0.545209, -0.627416, 0.055787, -0.828515, 0.302798, 0.471038, -0.087752, -0.066834, 0.781703, -0.620059, 0.432289, 0.0, 0.0, 0.0, 1.0],
                [-0.541019, -0.509388, -0.669195, 0.057542, -0.837744, 0.256353, 0.48215, -0.083659, -0.074051, 0.821467, -0.565428, 0.437689, 0.0, 0.0, 0.0, 1.0],
                [-0.512512, -0.446614, -0.733394, 0.058595, -0.857344, 0.218533, 0.466052, -0.072937, -0.047875, 0.867628, -0.494903, 0.440932, 0.0, 0.0, 0.0, 1.0],
                [-0.471026, -0.369498, -0.801003, 0.059133, -0.882079, 0.188569, 0.431717, -0.057921, -0.008474, 0.909897, -0.414747, 0.442587, 0.0, 0.0, 0.0, 1.0],
                [-0.421859, -0.294699, -0.857431, 0.059339, -0.906317, 0.16313, 0.389844, -0.040946, 0.024986, 0.941563, -0.335909, 0.443221, 0.0, 0.0, 0.0, 1.0],
                [-0.375383, -0.240637, -0.895088, 0.059397, -0.926163, 0.135109, 0.352092, -0.024348, 0.036208, 0.961166, -0.273587, 0.443401, 0.0, 0.0, 0.0, 1.0],
                [-0.342578, -0.21062, -0.915576, 0.059452, -0.939142, 0.103293, 0.327634, -0.010462, 0.025567, 0.972095, -0.233188, 0.443569, 0.0, 0.0, 0.0, 1.0],
                [-0.324724, -0.189474, -0.926636, 0.059483, -0.945781, 0.072575, 0.316593, -0.001623, 0.007265, 0.9792, -0.202767, 0.443666, 0.0, 0.0, 0.0, 1.0],
                [-0.313081, -0.168011, -0.934748, 0.059281, -0.949675, 0.045141, 0.309967, 0.005506, -0.009883, 0.984751, -0.173689, 0.443061, 0.0, 0.0, 0.0, 1.0],
                [-0.272988, -0.13883, -0.951947, 0.057867, -0.961986, 0.031433, 0.271283, 0.036953, -0.00774, 0.989817, -0.142133, 0.438825, 0.0, 0.0, 0.0, 1.0],
                [-0.159707, -0.09604, -0.982482, 0.054029, -0.986667, 0.047128, 0.15578, 0.124417, 0.031341, 0.994261, -0.102286, 0.427327, 0.0, 0.0, 0.0, 1.0],
                [0.106976, -0.073995, -0.991505, 0.02777, -0.933928, 0.334617, -0.125736, 0.268453, 0.341078, 0.939445, -0.033309, 0.408699, 0.0, 0.0, 0.0, 1.0],
                [0.43774, -0.156709, -0.88534, -0.013856, -0.699723, 0.558969, -0.444905, 0.363567, 0.564598, 0.814246, 0.13503, 0.393192, 0.0, 0.0, 0.0, 1.0],
                [0.650432, -0.093432, -0.753796, -0.035571, -0.589004, 0.564571, -0.578215, 0.446109, 0.479596, 0.820079, 0.312183, 0.380887, 0.0, 0.0, 0.0, 1.0],
                [0.735816, 0.081497, -0.67226, -0.02939, -0.524935, 0.695798, -0.490213, 0.69995, 0.427806, 0.713599, 0.55476, 0.383668, 0.0, 0.0, 0.0, 1.0],
                [0.75826, 0.182207, -0.625973, -0.017446, -0.501068, 0.77715, -0.380748, 0.969224, 0.4171, 0.602361, 0.68058, 0.386449, 0.0, 0.0, 0.0, 1.0],
                [0.740988, 0.195731, -0.642359, -0.007734, -0.526658, 0.762858, -0.375074, 1.080169, 0.416615, 0.616229, 0.668352, 0.383951, 0.0, 0.0, 0.0, 1.0],
                [0.700544, 0.203752, -0.683903, -0.000655, -0.575383, 0.728162, -0.372445, 1.097397, 0.422105, 0.65442, 0.627345, 0.378035, 0.0, 0.0, 0.0, 1.0],
                [0.650946, 0.206494, -0.7305, 0.005288, -0.630385, 0.683181, -0.368616, 1.102734, 0.422947, 0.700446, 0.574884, 0.371067, 0.0, 0.0, 0.0, 1.0],
                [0.610167, 0.201258, -0.766284, 0.011594, -0.673793, 0.64061, -0.368268, 1.103243, 0.416772, 0.741022, 0.526486, 0.365413, 0.0, 0.0, 0.0, 1.0],
                [0.590746, 0.171379, -0.788447, 0.019123, -0.688266, 0.617004, -0.381571, 1.103184, 0.421082, 0.768072, 0.482447, 0.363221, 0.0, 0.0, 0.0, 1.0],
                [0.573216, 0.134813, -0.808238, 0.026537, -0.694038, 0.604224, -0.39144, 1.102567, 0.435586, 0.785328, 0.439916, 0.363257, 0.0, 0.0, 0.0, 1.0],
                [0.555718, 0.101011, -0.825212, 0.0333, -0.698708, 0.594652, -0.397738, 1.101263, 0.450538, 0.797612, 0.401036, 0.363367, 0.0, 0.0, 0.0, 1.0],
                [0.538933, 0.070951, -0.839355, 0.039232, -0.702615, 0.587497, -0.401473, 1.099555, 0.464633, 0.80611, 0.366473, 0.363554, 0.0, 0.0, 0.0, 1.0],
                [0.523619, 0.045503, -0.850736, 0.044157, -0.706136, 0.58186, -0.403498, 1.09773, 0.476649, 0.812015, 0.336804, 0.363821, 0.0, 0.0, 0.0, 1.0],
                [0.510451, 0.025472, -0.85953, 0.047895, -0.709729, 0.576846, -0.404394, 1.096073, 0.485515, 0.816456, 0.31253, 0.364173, 0.0, 0.0, 0.0, 1.0],
                [0.500066, 0.011577, -0.86591, 0.050269, -0.713885, 0.571527, -0.404629, 1.094869, 0.490207, 0.820501, 0.294066, 0.364611, 0.0, 0.0, 0.0, 1.0],
                [0.493057, 0.004481, -0.869985, 0.051099, -0.719107, 0.564936, -0.404638, 1.094404, 0.489673, 0.825123, 0.281768, 0.36514, 0.0, 0.0, 0.0, 1.0],
                [0.48837, 0.001275, -0.872636, 0.051096, -0.72457, 0.557875, -0.40469, 1.094407, 0.486306, 0.829924, 0.273373, 0.36576, 0.0, 0.0, 0.0, 1.0],
                [0.484528, -0.001424, -0.874775, 0.051079, -0.729191, 0.551748, -0.404789, 1.094426, 0.483231, 0.83401, 0.266299, 0.366467, 0.0, 0.0, 0.0, 1.0],
                [0.481434, -0.003669, -0.876474, 0.051042, -0.733079, 0.546448, -0.404957, 1.094478, 0.480434, 0.837485, 0.260389, 0.367253, 0.0, 0.0, 0.0, 1.0],
                [0.478989, -0.005524, -0.877804, 0.050977, -0.736335, 0.541867, -0.405205, 1.094579, 0.477891, 0.840446, 0.255481, 0.368112, 0.0, 0.0, 0.0, 1.0],
                [0.477095, -0.007053, -0.878823, 0.050877, -0.739061, 0.537891, -0.405538, 1.094745, 0.475572, 0.842985, 0.251412, 0.369036, 0.0, 0.0, 0.0, 1.0],
                [0.475655, -0.008326, -0.879593, 0.050733, -0.741354, 0.534407, -0.405959, 1.094992, 0.473441, 0.845186, 0.248021, 0.37002, 0.0, 0.0, 0.0, 1.0],
                [0.47457, -0.009413, -0.880167, 0.050537, -0.743309, 0.531301, -0.406461, 1.095338, 0.471459, 0.847131, 0.245143, 0.371054, 0.0, 0.0, 0.0, 1.0],
                [0.473745, -0.010387, -0.880601, 0.050283, -0.74502, 0.528455, -0.407039, 1.095798, 0.469586, 0.848898, 0.242614, 0.372134, 0.0, 0.0, 0.0, 1.0],
                [0.473082, -0.011323, -0.880946, 0.049963, -0.746578, 0.525754, -0.407682, 1.096388, 0.467777, 0.850561, 0.240271, 0.373251, 0.0, 0.0, 0.0, 1.0],
                [0.472484, -0.012296, -0.881253, 0.049568, -0.748075, 0.523078, -0.408379, 1.097126, 0.465986, 0.852196, 0.237948, 0.374399, 0.0, 0.0, 0.0, 1.0],
                [0.471857, -0.013383, -0.881574, 0.049092, -0.749601, 0.520309, -0.409118, 1.098027, 0.464166, 0.853873, 0.235479, 0.375571, 0.0, 0.0, 0.0, 1.0],
                [0.471102, -0.01466, -0.881957, 0.048526, -0.751245, 0.517328, -0.409881, 1.099107, 0.46227, 0.855662, 0.232701, 0.376759, 0.0, 0.0, 0.0, 1.0],
                [0.470126, -0.016207, -0.88245, 0.047863, -0.753096, 0.514013, -0.410653, 1.100383, 0.460247, 0.857629, 0.229446, 0.377957, 0.0, 0.0, 0.0, 1.0],
                [0.468853, -0.018092, -0.883091, 0.047085, -0.755229, 0.510255, -0.411422, 1.102867, 0.458045, 0.859833, 0.225572, 0.379198, 0.0, 0.0, 0.0, 1.0],
                [0.467289, -0.020338, -0.883871, 0.046131, -0.757667, 0.505988, -0.41221, 1.107413, 0.455612, 0.862301, 0.221033, 0.380669, 0.0, 0.0, 0.0, 1.0],
                [0.465461, -0.022962, -0.88477, 0.044931, -0.760417, 0.501156, -0.413048, 1.113804, 0.452892, 0.865052, 0.215808, 0.382599, 0.0, 0.0, 0.0, 1.0],
                [0.463396, -0.025977, -0.88577, 0.043415, -0.763489, 0.495702, -0.413961, 1.121822, 0.449832, 0.868104, 0.209873, 0.385215, 0.0, 0.0, 0.0, 1.0],
                [0.461123, -0.029398, -0.886849, 0.041512, -0.766888, 0.489568, -0.414977, 1.13125, 0.446373, 0.871469, 0.203206, 0.388747, 0.0, 0.0, 0.0, 1.0],
                [0.458669, -0.033242, -0.887985, 0.039152, -0.770619, 0.482694, -0.416116, 1.141871, 0.442458, 0.875158, 0.19578, 0.393422, 0.0, 0.0, 0.0, 1.0],
                [0.456067, -0.037523, -0.889154, 0.036263, -0.774685, 0.475017, -0.417399, 1.153466, 0.438025, 0.879176, 0.187571, 0.399467, 0.0, 0.0, 0.0, 1.0],
                [0.453347, -0.04226, -0.890332, 0.032776, -0.779086, 0.466471, -0.418843, 1.165819, 0.433014, 0.883526, 0.178549, 0.407111, 0.0, 0.0, 0.0, 1.0],
                [0.450544, -0.047467, -0.891492, 0.02862, -0.783819, 0.45699, -0.420461, 1.178711, 0.427361, 0.888204, 0.168688, 0.416582, 0.0, 0.0, 0.0, 1.0],
                [0.447692, -0.053163, -0.892606, 0.023725, -0.788879, 0.446504, -0.42226, 1.191926, 0.421001, 0.893201, 0.157957, 0.428108, 0.0, 0.0, 0.0, 1.0],
                [0.444829, -0.059363, -0.893646, 0.018019, -0.794256, 0.434938, -0.424247, 1.205245, 0.413865, 0.898501, 0.146324, 0.441917, 0.0, 0.0, 0.0, 1.0],
                [0.441994, -0.066083, -0.89458, 0.011432, -0.799936, 0.422218, -0.426421, 1.218452, 0.405887, 0.904083, 0.133756, 0.458237, 0.0, 0.0, 0.0, 1.0],
                [0.43923, -0.073338, -0.895376, 0.003895, -0.805898, 0.408263, -0.428776, 1.231328, 0.396995, 0.909913, 0.120219, 0.477295, 0.0, 0.0, 0.0, 1.0],
                [0.436582, -0.081141, -0.895998, -0.004665, -0.812119, 0.392994, -0.4313, 1.243657, 0.387118, 0.915954, 0.105678, 0.49932, 0.0, 0.0, 0.0, 1.0],
                [0.434097, -0.089504, -0.896409, -0.014316, -0.818564, 0.376323, -0.433975, 1.25522, 0.376182, 0.922155, 0.090096, 0.524541, 0.0, 0.0, 0.0, 1.0],
                [0.432522, -0.095912, -0.896508, -0.025046, -0.825873, 0.356792, -0.436615, 1.265843, 0.361744, 0.929247, 0.075109, 0.552942, 0.0, 0.0, 0.0, 1.0],
                [0.432384, -0.098211, -0.896325, -0.036502, -0.834298, 0.333499, -0.439004, 1.275526, 0.342039, 0.937621, 0.062262, 0.583544, 0.0, 0.0, 0.0, 1.0],
                [0.433375, -0.09695, -0.895984, -0.048246, -0.843235, 0.307218, -0.441103, 1.28431, 0.318028, 0.946688, 0.051389, 0.615124, 0.0, 0.0, 0.0, 1.0],
                [0.43516, -0.092679, -0.89557, -0.059842, -0.852131, 0.278768, -0.442902, 1.292236, 0.290704, 0.955876, 0.042334, 0.646459, 0.0, 0.0, 0.0, 1.0],
                [0.437416, -0.085963, -0.895141, -0.070853, -0.860517, 0.249019, -0.444411, 1.299349, 0.26111, 0.964676, 0.034952, 0.676327, 0.0, 0.0, 0.0, 1.0],
                [0.439846, -0.077391, -0.894732, -0.080842, -0.868031, 0.218895, -0.445653, 1.305688, 0.230342, 0.972674, 0.029103, 0.703506, 0.0, 0.0, 0.0, 1.0],
                [0.442203, -0.067574, -0.894366, -0.089372, -0.874436, 0.189365, -0.446656, 1.311298, 0.199544, 0.979579, 0.024648, 0.726773, 0.0, 0.0, 0.0, 1.0],
                [0.444298, -0.057148, -0.894054, -0.096006, -0.879622, 0.161424, -0.447444, 1.316218, 0.169893, 0.985229, 0.021452, 0.744906, 0.0, 0.0, 0.0, 1.0],
                [0.446009, -0.046759, -0.893806, -0.100306, -0.883598, 0.136083, -0.448035, 1.320493, 0.142582, 0.989593, 0.019378, 0.756682, 0.0, 0.0, 0.0, 1.0],
                [0.447274, -0.037063, -0.893629, -0.101837, -0.886472, 0.114346, -0.448434, 1.324162, 0.118803, 0.992749, 0.018289, 0.760879, 0.0, 0.0, 0.0, 1.0],
                [0.448092, -0.028696, -0.893527, -0.101719, -0.88845, 0.09678, -0.448654, 1.327272, 0.099351, 0.994892, 0.017871, 0.760849, 0.0, 0.0, 0.0, 1.0],
                [0.448556, -0.021771, -0.89349, -0.10138, -0.889808, 0.082973, -0.448729, 1.329876, 0.083905, 0.996314, 0.017846, 0.760761, 0.0, 0.0, 0.0, 1.0],
                [0.448757, -0.016145, -0.893508, -0.100842, -0.890751, 0.072439, -0.448682, 1.33203, 0.071968, 0.997242, 0.018127, 0.760622, 0.0, 0.0, 0.0, 1.0],
                [0.448763, -0.011671, -0.893575, -0.100125, -0.891425, 0.064684, -0.448528, 1.333791, 0.063035, 0.997838, 0.018624, 0.760436, 0.0, 0.0, 0.0, 1.0],
                [0.448621, -0.008201, -0.893685, -0.099253, -0.891929, 0.059212, -0.448283, 1.335214, 0.056594, 0.998212, 0.019249, 0.76021, 0.0, 0.0, 0.0, 1.0],
                [0.448366, -0.005585, -0.893833, -0.098246, -0.892329, 0.055525, -0.447958, 1.336358, 0.052131, 0.998442, 0.019912, 0.75995, 0.0, 0.0, 0.0, 1.0],
                [0.44802, -0.003672, -0.894016, -0.097125, -0.892672, 0.053123, -0.447565, 1.337277, 0.049136, 0.998581, 0.020523, 0.75966, 0.0, 0.0, 0.0, 1.0],
                [0.447603, -0.002313, -0.89423, -0.095914, -0.892991, 0.051512, -0.447116, 1.338028, 0.047098, 0.99867, 0.020992, 0.759346, 0.0, 0.0, 0.0, 1.0],
                [0.447125, -0.001359, -0.89447, -0.094632, -0.893313, 0.050197, -0.446623, 1.338667, 0.045507, 0.998738, 0.02123, 0.759014, 0.0, 0.0, 0.0, 1.0],
                [0.446601, -0.000683, -0.894733, -0.093304, -0.893653, 0.048774, -0.4461, 1.339242, 0.043944, 0.99881, 0.021172, 0.75867, 0.0, 0.0, 0.0, 1.0],
                [0.446043, -0.000232, -0.895011, -0.091953, -0.894009, 0.047205, -0.445556, 1.339762, 0.042352, 0.998885, 0.020848, 0.75832, 0.0, 0.0, 0.0, 1.0],
                [0.445468, 2.5e-05, -0.895298, -0.090607, -0.894369, 0.045541, -0.445005, 1.340229, 0.040762, 0.998962, 0.020309, 0.757972, 0.0, 0.0, 0.0, 1.0],
                [0.44489, 0.000119, -0.895585, -0.089291, -0.894727, 0.043834, -0.444458, 1.340643, 0.039204, 0.999039, 0.019608, 0.757631, 0.0, 0.0, 0.0, 1.0],
                [0.444324, 8.4e-05, -0.895866, -0.088031, -0.895072, 0.042136, -0.443926, 1.341006, 0.037712, 0.999112, 0.018797, 0.757305, 0.0, 0.0, 0.0, 1.0],
                [0.443786, -5.1e-05, -0.896133, -0.086855, -0.895397, 0.040498, -0.443424, 1.341317, 0.036315, 0.99918, 0.017927, 0.757, 0.0, 0.0, 0.0, 1.0],
                [0.443291, -0.000252, -0.896378, -0.085788, -0.895693, 0.038972, -0.442963, 1.341578, 0.035045, 0.99924, 0.01705, 0.756724, 0.0, 0.0, 0.0, 1.0],
                [0.442852, -0.000488, -0.896595, -0.084856, -0.895952, 0.037608, -0.442556, 1.341789, 0.033935, 0.999292, 0.016217, 0.756483, 0.0, 0.0, 0.0, 1.0],
                [0.442486, -0.000727, -0.896775, -0.084085, -0.896168, 0.036457, -0.442216, 1.341953, 0.033016, 0.999335, 0.01548, 0.756283, 0.0, 0.0, 0.0, 1.0],
                [0.442206, -0.000937, -0.896913, -0.083502, -0.896331, 0.035572, -0.441957, 1.342068, 0.032319, 0.999367, 0.01489, 0.756132, 0.0, 0.0, 0.0, 1.0],
                [0.442028, -0.001087, -0.897001, -0.083133, -0.896435, 0.035003, -0.441791, 1.342137, 0.031878, 0.999387, 0.014498, 0.756037, 0.0, 0.0, 0.0, 1.0],
                [0.441965, -0.001144, -0.897032, -0.083005, -0.896471, 0.034802, -0.441733, 1.342159, 0.031724, 0.999394, 0.014356, 0.756003, 0.0, 0.0, 0.0, 1.0]
            ]
        },
        {
            "name": "Thigh_R",
            "time": [0.0, 0.0167, 0.0333, 0.05, 0.0667, 0.0833, 0.1, 0.1167, 0.1333, 0.15, 0.1667, 0.1833, 0.2, 0.2167, 0.2333, 0.25, 0.2667, 0.2833, 0.3, 0.3167, 0.3333, 0.35, 0.3667, 0.3833, 0.4, 0.4167, 0.4333, 0.45, 0.4667, 0.4833, 0.5, 0.5167, 0.5333, 0.55, 0.5667, 0.5833, 0.6, 0.6167, 0.6333, 0.65, 0.6667, 0.6833, 0.7, 0.7167, 0.7333, 0.75, 0.7667, 0.7833, 0.8, 0.8167, 0.8333, 0.85, 0.8667, 0.8833, 0.9, 0.9167, 0.9333, 0.95, 0.9667, 0.9833, 1.0, 1.0167, 1.0333, 1.05, 1.0667, 1.0833, 1.1, 1.1167, 1.1333, 1.15, 1.1667, 1.1833, 1.2, 1.2167, 1.2333, 1.25, 1.2667, 1.2833, 1.3, 1.3167, 1.3333, 1.35, 1.3667, 1.3833, 1.4, 1.4167, 1.4333, 1.45, 1.4667, 1.4833, 1.5, 1.5167, 1.5333, 1.55],
            "transform": [
                [0.839074, 0.403312, -0.365093, 0.124994, 0.54347, -0.651501, 0.529326, -0.00283, -0.024375, -0.64256, -0.765848, -1.2e-05, 0.0, 0.0, 0.0, 1.0],
                [0.850208, 0.394151, -0.348985, 0.124994, 0.526186, -0.657088, 0.53978, -0.002831, -0.01656, -0.642556, -0.766059, -1.2e-05, 0.0, 0.0, 0.0, 1.0],
                [0.875115, 0.371256, -0.310389, 0.124994, 0.483908, -0.668181, 0.565125, -0.002831, 0.00241, -0.644749, -0.764391, -1.2e-05, 0.0, 0.0, 0.0, 1.0],
                [0.901566, 0.341218, -0.265983, 0.124994, 0.432054, -0.678107, 0.594558, -0.002831, 0.022509, -0.650951, -0.758785, -1.2e-05, 0.0, 0.0, 0.0, 1.0],
                [0.922092, 0.306792, -0.235847, 0.124994, 0.385788, -0.681239, 0.622157, -0.002831, 0.030205, -0.664672, -0.746524, -1.2e-05, 0.0, 0.0, 0.0, 1.0],
                [0.933843, 0.265494, -0.239683, 0.124993, 0.357484, -0.670565, 0.650036, -0.002831, 0.011858, -0.692714, -0.721114, -1.2e-05, 0.0, 0.0, 0.0, 1.0],
                [0.939328, 0.221189, -0.262177, 0.124994, 0.341692, -0.670523, 0.658516, -0.002831, -0.030139, -0.708146, -0.705421, -1.2e-05, 0.0, 0.0, 0.0, 1.0],
                [0.938318, 0.207217, -0.276801, 0.124994, 0.343498, -0.65025, 0.67763, -0.002831, -0.039574, -0.730912, -0.681322, -1.2e-05, 0.0, 0.0, 0.0, 1.0],
                [0.937853, 0.217292, -0.270581, 0.124994, 0.346933, -0.605467, 0.716272, -0.002831, -0.008187, -0.765631, -0.643226, -1.2e-05, 0.0, 0.0, 0.0, 1.0],
                [0.938451, 0.235763, -0.252436, 0.124994, 0.343234, -0.554592, 0.758035, -0.002831, 0.038717, -0.798022, -0.60138, -1.2e-05, 0.0, 0.0, 0.0, 1.0],
                [0.936294, 0.259983, -0.23614, 0.124994, 0.340267, -0.504898, 0.793282, -0.00283, 0.087013, -0.823095, -0.561197, -1.2e-05, 0.0, 0.0, 0.0, 1.0],
                [0.928677, 0.28393, -0.238623, 0.124993, 0.350304, -0.460131, 0.815822, -0.002831, 0.121838, -0.841225, -0.526776, -1.2e-05, 0.0, 0.0, 0.0, 1.0],
                [0.913398, 0.300801, -0.274267, 0.124994, 0.385748, -0.424421, 0.819186, -0.002831, 0.130007, -0.854039, -0.503699, -1.2e-05, 0.0, 0.0, 0.0, 1.0],
                [0.890867, 0.303373, -0.338112, 0.124994, 0.44108, -0.399679, 0.803558, -0.002831, 0.108642, -0.864996, -0.489873, -1.2e-05, 0.0, 0.0, 0.0, 1.0],
                [0.866403, 0.291841, -0.405181, 0.124993, 0.493561, -0.377399, 0.78356, -0.002831, 0.07576, -0.87886, -0.471023, -1.2e-05, 0.0, 0.0, 0.0, 1.0],
                [0.840062, 0.278206, -0.465721, 0.124994, 0.540356, -0.35306, 0.763782, -0.002831, 0.048061, -0.893279, -0.446924, -1.2e-05, 0.0, 0.0, 0.0, 1.0],
                [0.778497, 0.314098, -0.543401, 0.124994, 0.627388, -0.364522, 0.688118, -0.002831, 0.018055, -0.87662, -0.480842, -1.2e-05, 0.0, 0.0, 0.0, 1.0],
                [0.656902, 0.476465, -0.584345, 0.124993, 0.752896, -0.455971, 0.474591, -0.002831, -0.040318, -0.75171, -0.658259, -1.2e-05, 0.0, 0.0, 0.0, 1.0],
                [0.763691, 0.625366, -0.160286, 0.124994, 0.638528, -0.768296, 0.044733, -0.002831, -0.095173, -0.13651, -0.986057, -1.2e-05, 0.0, 0.0, 0.0, 1.0],
                [0.903405, 0.427143, 0.037494, 0.124993, 0.428769, -0.899139, -0.087772, -0.002831, -0.003779, 0.095369, -0.995434, -1.2e-05, 0.0, 0.0, 0.0, 1.0],
                [0.866257, 0.446631, 0.223868, 0.124994, 0.471307, -0.879215, -0.069629, -0.00283, 0.16573, 0.165828, -0.972129, -1.2e-05, 0.0, 0.0, 0.0, 1.0],
                [0.82855, 0.431199, 0.35717, 0.124994, 0.401306, -0.902173, 0.158226, -0.002831, 0.390456, 0.012237, -0.92054, -1.2e-05, 0.0, 0.0, 0.0, 1.0],
                [0.813976, 0.46373, 0.34985, 0.124994, 0.304905, -0.853696, 0.422179, -0.002831, 0.494443, -0.236972, -0.836284, -1.2e-05, 0.0, 0.0, 0.0, 1.0],
                [0.815464, 0.487514, 0.312003, 0.124993, 0.323909, -0.831105, 0.452045, -0.002831, 0.479686, -0.267566, -0.835649, -1.2e-05, 0.0, 0.0, 0.0, 1.0],
                [0.823112, 0.521518, 0.224732, 0.124993, 0.375153, -0.796462, 0.474243, -0.00283, 0.426317, -0.306046, -0.851228, -1.2e-05, 0.0, 0.0, 0.0, 1.0],
                [0.823465, 0.553257, 0.125732, 0.124994, 0.43678, -0.759611, 0.481885, -0.002831, 0.362113, -0.341898, -0.867167, -1.2e-05, 0.0, 0.0, 0.0, 1.0],
                [0.816738, 0.575262, 0.04483, 0.124994, 0.488692, -0.730949, 0.476332, -0.002831, 0.306784, -0.367131, -0.878122, -1.2e-05, 0.0, 0.0, 0.0, 1.0],
                [0.819242, 0.573224, 0.015963, 0.124994, 0.508116, -0.738531, 0.443156, -0.002831, 0.265818, -0.354941, -0.896302, -1.2e-05, 0.0, 0.0, 0.0, 1.0],
                [0.830191, 0.557477, -0.000692, 0.124993, 0.509148, -0.757711, 0.408217, -0.002831, 0.227047, -0.33925, -0.912885, -1.2e-05, 0.0, 0.0, 0.0, 1.0],
                [0.841233, 0.540373, -0.017922, 0.124994, 0.505593, -0.774479, 0.380204, -0.002831, 0.191572, -0.328902, -0.924729, -1.2e-05, 0.0, 0.0, 0.0, 1.0],
                [0.851382, 0.523404, -0.034566, 0.124993, 0.499529, -0.788908, 0.357901, -0.002831, 0.160057, -0.321977, -0.93312, -1.2e-05, 0.0, 0.0, 0.0, 1.0],
                [0.8598, 0.508199, -0.049758, 0.124994, 0.493001, -0.800784, 0.340137, -0.00283, 0.133012, -0.31698, -0.939058, -1.2e-05, 0.0, 0.0, 0.0, 1.0],
                [0.865849, 0.496294, -0.063221, 0.124994, 0.487875, -0.809576, 0.326441, -0.002831, 0.110829, -0.313491, -0.943102, -1.2e-05, 0.0, 0.0, 0.0, 1.0],
                [0.868952, 0.489201, -0.07485, 0.124994, 0.48592, -0.814708, 0.316434, -0.002831, 0.093819, -0.311337, -0.945657, -1.2e-05, 0.0, 0.0, 0.0, 1.0],
                [0.868491, 0.488432, -0.084587, 0.124994, 0.488828, -0.815566, 0.309672, -0.00283, 0.082268, -0.310296, -0.947073, -1.2e-05, 0.0, 0.0, 0.0, 1.0],
                [0.866173, 0.491109, -0.092489, 0.124993, 0.494186, -0.814226, 0.304653, -0.00283, 0.074311, -0.309589, -0.947962, -1.2e-05, 0.0, 0.0, 0.0, 1.0],
                [0.864178, 0.4934, -0.098747, 0.124993, 0.498597, -0.813211, 0.300144, -0.00283, 0.067789, -0.308613, -0.948769, -1.2e-05, 0.0, 0.0, 0.0, 1.0],
                [0.862487, 0.495376, -0.10352, 0.124994, 0.502198, -0.812497, 0.296046, -0.002831, 0.062544, -0.307324, -0.949547, -1.2e-05, 0.0, 0.0, 0.0, 1.0],
                [0.861071, 0.497105, -0.106964, 0.124994, 0.505116, -0.812061, 0.292254, -0.002831, 0.058419, -0.305681, -0.95034, -1.2e-05, 0.0, 0.0, 0.0, 1.0],
                [0.859892, 0.498649, -0.109235, 0.124994, 0.507475, -0.811879, 0.288651, -0.002831, 0.05525, -0.303643, -0.951183, -1.2e-05, 0.0, 0.0, 0.0, 1.0],
                [0.858907, 0.500069, -0.110484, 0.124994, 0.509393, -0.811927, 0.285114, -0.002831, 0.052872, -0.301166, -0.952105, -1.2e-05, 0.0, 0.0, 0.0, 1.0],
                [0.858067, 0.501426, -0.110864, 0.124994, 0.510985, -0.812182, 0.281517, -0.002831, 0.051118, -0.298211, -0.95313, -1.2e-05, 0.0, 0.0, 0.0, 1.0],
                [0.857321, 0.502775, -0.110523, 0.124994, 0.512364, -0.812618, 0.277729, -0.002831, 0.049822, -0.29473, -0.954281, -1.2e-05, 0.0, 0.0, 0.0, 1.0],
                [0.856615, 0.504177, -0.109611, 0.124993, 0.513641, -0.813208, 0.273614, -0.002831, 0.048814, -0.290682, -0.955573, -1.2e-05, 0.0, 0.0, 0.0, 1.0],
                [0.855894, 0.505689, -0.108271, 0.124994, 0.514925, -0.813922, 0.269037, -0.00283, 0.047924, -0.286018, -0.957025, -1.2e-05, 0.0, 0.0, 0.0, 1.0],
                [0.855102, 0.507371, -0.106647, 0.124993, 0.516325, -0.814731, 0.263856, -0.00283, 0.046985, -0.280688, -0.958648, -1.2e-05, 0.0, 0.0, 0.0, 1.0],
                [0.854183, 0.509284, -0.104879, 0.124993, 0.517948, -0.815596, 0.257936, -0.002831, 0.045823, -0.274646, -0.960453, -1.2e-05, 0.0, 0.0, 0.0, 1.0],
                [0.853079, 0.511493, -0.103102, 0.124994, 0.519899, -0.816477, 0.251132, -0.002831, 0.044271, -0.267838, -0.962447, -1.2e-05, 0.0, 0.0, 0.0, 1.0],
                [0.851983, 0.513223, -0.103564, 0.124994, 0.521787, -0.816004, 0.248747, -0.002831, 0.043154, -0.265966, -0.963016, -1.2e-05, 0.0, 0.0, 0.0, 1.0],
                [0.851201, 0.513598, -0.108037, 0.124994, 0.52304, -0.813091, 0.255557, -0.002831, 0.043409, -0.274037, -0.960739, -1.2e-05, 0.0, 0.0, 0.0, 1.0],
                [0.850848, 0.51252, -0.115666, 0.124993, 0.523475, -0.808045, 0.270249, -0.002831, 0.045045, -0.290489, -0.955817, -1.2e-05, 0.0, 0.0, 0.0, 1.0],
                [0.851055, 0.509886, -0.125379, 0.124994, 0.522868, -0.801092, 0.291304, -0.00283, 0.048091, -0.313472, -0.948378, -1.2e-05, 0.0, 0.0, 0.0, 1.0],
                [0.851964, 0.50561, -0.136064, 0.124993, 0.52095, -0.79243, 0.317274, -0.002831, 0.052596, -0.341189, -0.938522, -1.2e-05, 0.0, 0.0, 0.0, 1.0],
                [0.853731, 0.499634, -0.146651, 0.124994, 0.517402, -0.78226, 0.346932, -0.002831, 0.05862, -0.372065, -0.926354, -1.2e-05, 0.0, 0.0, 0.0, 1.0],
                [0.856518, 0.491934, -0.156128, 0.124993, 0.511848, -0.770815, 0.37928, -0.00283, 0.066235, -0.404774, -0.912015, -1.2e-05, 0.0, 0.0, 0.0, 1.0],
                [0.86048, 0.482528, -0.163522, 0.124993, 0.503856, -0.758381, 0.413505, -0.002831, 0.075516, -0.438203, -0.895698, -1.2e-05, 0.0, 0.0, 0.0, 1.0],
                [0.865752, 0.471479, -0.167868, 0.124994, 0.492935, -0.745323, 0.448895, -0.002831, 0.086529, -0.471379, -0.877676, -1.2e-05, 0.0, 0.0, 0.0, 1.0],
                [0.872422, 0.458898, -0.168197, 0.124993, 0.478556, -0.732122, 0.484748, -0.00283, 0.09931, -0.503396, -0.85833, -1.2e-05, 0.0, 0.0, 0.0, 1.0],
                [0.880499, 0.444942, -0.163539, 0.124994, 0.460172, -0.71941, 0.520278, -0.002831, 0.113842, -0.53336, -0.838192, -1.2e-05, 0.0, 0.0, 0.0, 1.0],
                [0.889874, 0.429793, -0.152967, 0.124993, 0.437282, -0.708022, 0.554516, -0.002831, 0.130023, -0.560339, -0.817993, -1.2e-05, 0.0, 0.0, 0.0, 1.0],
                [0.900285, 0.413615, -0.135674, 0.124993, 0.409503, -0.699043, 0.586213, -0.00283, 0.147625, -0.583317, -0.798716, -1.2e-05, 0.0, 0.0, 0.0, 1.0],
                [0.911295, 0.396479, -0.111098, 0.124994, 0.376694, -0.693838, 0.61375, -0.00283, 0.166255, -0.601157, -0.781644, -1.2e-05, 0.0, 0.0, 0.0, 1.0],
                [0.922315, 0.378261, -0.079076, 0.124993, 0.339092, -0.694045, 0.635073, -0.002831, 0.185341, -0.61255, -0.768394, -1.2e-05, 0.0, 0.0, 0.0, 1.0],
                [0.931691, 0.360821, -0.041944, 0.124994, 0.299902, -0.698912, 0.649291, -0.002831, 0.204962, -0.617517, -0.759383, -1.2e-05, 0.0, 0.0, 0.0, 1.0],
                [0.938322, 0.345741, -0.003501, 0.124993, 0.26299, -0.707093, 0.656394, -0.002831, 0.224467, -0.61683, -0.75441, -1.2e-05, 0.0, 0.0, 0.0, 1.0],
                [0.942581, 0.332252, 0.033853, 0.124993, 0.22988, -0.718986, 0.655906, -0.00283, 0.242266, -0.610462, -0.754084, -1.2e-05, 0.0, 0.0, 0.0, 1.0],
                [0.945056, 0.319756, 0.067995, 0.124994, 0.201803, -0.73427, 0.648168, -0.00283, 0.257183, -0.598833, -0.758456, -1.2e-05, 0.0, 0.0, 0.0, 1.0],
                [0.946403, 0.307987, 0.09728, 0.124994, 0.179508, -0.751951, 0.634306, -0.002831, 0.268508, -0.582847, -0.766937, -1.2e-05, 0.0, 0.0, 0.0, 1.0],
                [0.947217, 0.296461, 0.122018, 0.124994, 0.16251, -0.772096, 0.614375, -0.002831, 0.276348, -0.562117, -0.779522, -1.2e-05, 0.0, 0.0, 0.0, 1.0],
                [0.947922, 0.28478, 0.142627, 0.124994, 0.149875, -0.793965, 0.589199, -0.002831, 0.281033, -0.537138, -0.7953, -1.2e-05, 0.0, 0.0, 0.0, 1.0],
                [0.948795, 0.273395, 0.158241, 0.124994, 0.140857, -0.814545, 0.562737, -0.00283, 0.282744, -0.511633, -0.811348, -1.2e-05, 0.0, 0.0, 0.0, 1.0],
                [0.950014, 0.263115, 0.168057, 0.124993, 0.13429, -0.830326, 0.540854, -0.002831, 0.281849, -0.491249, -0.824157, -1.2e-05, 0.0, 0.0, 0.0, 1.0],
                [0.951681, 0.254907, 0.171239, 0.124994, 0.128755, -0.837472, 0.531094, -0.002831, 0.278788, -0.483384, -0.829829, -1.2e-05, 0.0, 0.0, 0.0, 1.0],
                [0.953972, 0.245737, 0.1719, 0.124993, 0.122094, -0.841796, 0.525806, -0.002831, 0.273915, -0.480615, -0.833054, -1.2e-05, 0.0, 0.0, 0.0, 1.0],
                [0.956823, 0.232788, 0.174059, 0.124993, 0.113659, -0.850792, 0.513062, -0.002831, 0.267523, -0.471126, -0.840518, -1.2e-05, 0.0, 0.0, 0.0, 1.0],
                [0.959975, 0.217036, 0.177036, 0.124994, 0.10412, -0.863321, 0.493795, -0.002831, 0.26001, -0.455598, -0.851366, -1.2e-05, 0.0, 0.0, 0.0, 1.0],
                [0.963194, 0.199389, 0.180277, 0.124993, 0.09408, -0.878299, 0.468761, -0.002831, 0.251803, -0.434547, -0.864733, -1.2e-05, 0.0, 0.0, 0.0, 1.0],
                [0.966287, 0.180723, 0.183379, 0.124993, 0.084094, -0.894718, 0.438641, -0.00283, 0.243345, -0.408432, -0.879753, -1.2e-05, 0.0, 0.0, 0.0, 1.0],
                [0.969102, 0.16189, 0.186094, 0.124993, 0.074691, -0.911649, 0.404122, -0.002831, 0.235076, -0.377735, -0.895575, -1.2e-05, 0.0, 0.0, 0.0, 1.0],
                [0.971531, 0.143733, 0.188324, 0.124994, 0.066377, -0.928234, 0.366022, -0.00283, 0.227419, -0.343102, -0.911351, -1.2e-05, 0.0, 0.0, 0.0, 1.0],
                [0.973498, 0.127144, 0.190092, 0.124993, 0.059662, -0.943621, 0.325603, -0.002831, 0.220773, -0.305632, -0.926201, -1.2e-05, 0.0, 0.0, 0.0, 1.0],
                [0.974949, 0.113142, 0.191499, 0.124994, 0.055064, -0.956932, 0.285036, -0.00283, 0.215501, -0.267351, -0.939192, -1.2e-05, 0.0, 0.0, 0.0, 1.0],
                [0.975846, 0.103394, 0.192439, 0.124994, 0.053014, -0.966652, 0.250539, -0.002831, 0.211926, -0.234285, -0.948788, -1.2e-05, 0.0, 0.0, 0.0, 1.0],
                [0.976166, 0.100829, 0.192175, 0.124993, 0.053552, -0.970046, 0.236937, -0.002831, 0.210309, -0.220999, -0.952328, -1.2e-05, 0.0, 0.0, 0.0, 1.0],
                [0.976191, 0.103108, 0.190835, 0.124994, 0.055363, -0.969092, 0.2404, -0.002831, 0.209724, -0.224111, -0.95173, -1.2e-05, 0.0, 0.0, 0.0, 1.0],
                [0.976221, 0.105438, 0.1894, 0.124993, 0.05713, -0.967987, 0.244408, -0.002831, 0.209107, -0.227776, -0.950996, -1.2e-05, 0.0, 0.0, 0.0, 1.0],
                [0.976256, 0.107721, 0.187935, 0.124993, 0.058819, -0.966813, 0.248617, -0.002831, 0.20848, -0.23166, -0.950194, -1.2e-05, 0.0, 0.0, 0.0, 1.0],
                [0.97629, 0.109855, 0.186513, 0.124993, 0.060395, -0.965671, 0.252644, -0.002831, 0.207865, -0.235389, -0.949412, -1.2e-05, 0.0, 0.0, 0.0, 1.0],
                [0.976324, 0.111789, 0.18518, 0.124994, 0.061822, -0.964599, 0.256364, -0.002831, 0.207283, -0.238847, -0.948676, -1.2e-05, 0.0, 0.0, 0.0, 1.0],
                [0.976356, 0.113485, 0.183976, 0.124993, 0.063068, -0.963624, 0.259709, -0.00283, 0.206757, -0.241966, -0.948, -1.2e-05, 0.0, 0.0, 0.0, 1.0],
                [0.976384, 0.114869, 0.182966, 0.124994, 0.064096, -0.962818, 0.262431, -0.002831, 0.206309, -0.244506, -0.947446, -1.2e-05, 0.0, 0.0, 0.0, 1.0],
                [0.976406, 0.115916, 0.182187, 0.124994, 0.064874, -0.962196, 0.264512, -0.002831, 0.205961, -0.246452, -0.947017, -1.2e-05, 0.0, 0.0, 0.0, 1.0],
                [0.976421, 0.116579, 0.181684, 0.124993, 0.065365, -0.961793, 0.265853, -0.002831, 0.205736, -0.247708, -0.946738, -1.2e-05, 0.0, 0.0, 0.0, 1.0],
                [0.976427, 0.116812, 0.181506, 0.124994, 0.065537, -0.96165, 0.266331, -0.00283, 0.205656, -0.248157, -0.946638, -1.2e-05, 0.0, 0.0, 0.0, 1.0]
            ]
        },
        {
            "name": "Leg_R",
            "time": [0.0, 0.0167, 0.0333, 0.05, 0.0667, 0.0833, 0.1, 0.1167, 0.1333, 0.15, 0.1667, 0.1833, 0.2, 0.2167, 0.2333, 0.25, 0.2667, 0.2833, 0.3, 0.3167, 0.3333, 0.35, 0.3667, 0.3833, 0.4, 0.4167, 0.4333, 0.45, 0.4667, 0.4833, 0.5, 0.5167, 0.5333, 0.55, 0.5667, 0.5833, 0.6, 0.6167, 0.6333, 0.65, 0.6667, 0.6833, 0.7, 0.7167, 0.7333, 0.75, 0.7667, 0.7833, 0.8, 0.8167, 0.8333, 0.85, 0.8667, 0.8833, 0.9, 0.9167, 0.9333, 0.95, 0.9667, 0.9833, 1.0, 1.0167, 1.0333, 1.05, 1.0667, 1.0833, 1.1, 1.1167, 1.1333, 1.15, 1.1667, 1.1833, 1.2, 1.2167, 1.2333, 1.25, 1.2667, 1.2833, 1.3, 1.3167, 1.3333, 1.35, 1.3667, 1.3833, 1.4, 1.4167, 1.4333, 1.45, 1.4667, 1.4833, 1.5, 1.5167, 1.5333, 1.55],
            "transform": [
                [1.000001, -1e-06, 1e-06, 0.0, -0.0, 0.6837, 0.729765, 0.374726, -1e-06, -0.729774, 0.683689, -0.0, 0.0, 0.0, 0.0, 1.0],
                [1.0, -0.0, 1e-06, 0.0, -0.0, 0.667747, 0.744388, 0.374726, -1e-06, -0.744398, 0.667737, 0.0, 0.0, 0.0, 0.0, 1.0],
                [1.000001, -1e-06, 1e-06, 0.0, -0.0, 0.62281, 0.782373, 0.374726, -1e-06, -0.782382, 0.6228, -0.0, 0.0, 0.0, 0.0, 1.0],
                [1.000001, -1e-06, 1e-06, 0.0, -0.0, 0.553888, 0.83259, 0.374726, -1e-06, -0.8326, 0.553879, 0.0, 0.0, 0.0, 0.0, 1.0],
                [1.0, -1e-06, 0.0, 0.0, -0.0, 0.465683, 0.884949, 0.374726, -1e-06, -0.88496, 0.465675, -0.0, 0.0, 0.0, 0.0, 1.0],
                [1.000001, -1e-06, 1e-06, 0.0, -0.0, 0.362275, 0.932067, 0.374726, -1e-06, -0.932079, 0.362269, 0.0, 0.0, 0.0, 0.0, 1.0],
                [1.000001, -1e-06, 1e-06, 0.0, -0.0, 0.288456, 0.957489, 0.374726, -1e-06, -0.957501, 0.288452, -0.0, 0.0, 0.0, 0.0, 1.0],
                [1.000001, -1e-06, 1e-06, -0.0, -0.0, 0.250828, 0.968027, 0.374726, -1e-06, -0.968039, 0.250824, 0.0, 0.0, 0.0, 0.0, 1.0],
                [1.000001, -1e-06, 0.0, -0.0, -0.0, 0.229692, 0.973258, 0.374726, -1e-06, -0.97327, 0.229688, -0.0, 0.0, 0.0, 0.0, 1.0],
                [1.000001, -1e-06, 1e-06, 0.0, -0.0, 0.225236, 0.974299, 0.374726, -1e-06, -0.974311, 0.225232, -0.0, 0.0, 0.0, 0.0, 1.0],
                [1.000001, -1e-06, 0.0, 0.0, -0.0, 0.233304, 0.972399, 0.374726, -1e-06, -0.972411, 0.233301, -0.0, 0.0, 0.0, 0.0, 1.0],
                [1.0, -1e-06, 0.0, 0.0, -0.0, 0.245327, 0.969435, 0.374726, -1e-06, -0.969447, 0.245323, 0.0, 0.0, 0.0, 0.0, 1.0],
                [1.000001, -1e-06, 0.0, 0.0, -0.0, 0.254279, 0.967126, 0.374726, -1e-06, -0.967138, 0.254276, -0.0, 0.0, 0.0, 0.0, 1.0],
                [1.000001, -1e-06, 0.0, -0.0, -0.0, 0.257733, 0.966212, 0.374726, -1e-06, -0.966224, 0.257729, 0.0, 0.0, 0.0, 0.0, 1.0],
                [1.0, -1e-06, 0.0, -0.0, -0.0, 0.251091, 0.967958, 0.374726, -1e-06, -0.96797, 0.251087, 0.0, 0.0, 0.0, 0.0, 1.0],
                [1.000001, -1e-06, 0.0, 0.0, -0.0, 0.242244, 0.970211, 0.374726, -1e-06, -0.970223, 0.24224, 0.0, 0.0, 0.0, 0.0, 1.0],
                [1.000001, -1e-06, 0.0, 0.0, -0.0, 0.319625, 0.947539, 0.374726, -1e-06, -0.947551, 0.31962, 0.0, 0.0, 0.0, 0.0, 1.0],
                [1.000001, -1e-06, 1e-06, 0.0, -0.0, 0.57473, 0.818342, 0.374726, -1e-06, -0.818353, 0.57472, 0.0, 0.0, 0.0, 0.0, 1.0],
                [1.000001, -0.0, 1e-06, 0.0, -0.0, 0.999998, 0.004704, 0.374726, -1e-06, -0.004704, 0.999981, 0.0, 0.0, 0.0, 0.0, 1.0],
                [1.000001, -0.0, 1e-06, -0.0, -0.0, 0.999996, 0.00477, 0.374726, -1e-06, -0.00477, 0.999982, 0.0, 0.0, 0.0, 0.0, 1.0],
                [1.000001, 0.0, 1e-06, 0.0, -0.0, 0.999997, 0.004727, 0.374726, -1e-06, -0.004727, 0.999982, 0.0, 0.0, 0.0, 0.0, 1.0],
                [1.000001, 0.0, 1e-06, 0.0, -0.0, 0.999997, 0.004684, 0.374726, -1e-06, -0.004685, 0.999982, 0.0, 0.0, 0.0, 0.0, 1.0],
                [1.000001, -0.0, 1e-06, 0.0, -0.0, 0.959285, 0.282464, 0.374726, -1e-06, -0.282468, 0.95927, 0.0, 0.0, 0.0, 0.0, 1.0],
                [1.000001, -0.0, 1e-06, -0.0, -0.0, 0.933937, 0.357457, 0.374726, -1e-06, -0.357461, 0.933923, -0.0, 0.0, 0.0, 0.0, 1.0],
                [1.000001, -0.0, 1e-06, -0.0, -0.0, 0.893339, 0.449397, 0.374726, -1e-06, -0.449402, 0.893325, -0.0, 0.0, 0.0, 0.0, 1.0],
                [1.000001, -0.0, 1e-06, -0.0, -0.0, 0.848189, 0.529702, 0.374726, -1e-06, -0.529709, 0.848176, 0.0, 0.0, 0.0, 0.0, 1.0],
                [1.0, -1e-06, 1e-06, 0.0, -0.0, 0.804327, 0.594192, 0.374726, -1e-06, -0.5942, 0.804314, 0.0, 0.0, 0.0, 0.0, 1.0],
                [1.000001, -1e-06, 1e-06, -0.0, -0.0, 0.785837, 0.618439, 0.374726, -1e-06, -0.618447, 0.785825, -0.0, 0.0, 0.0, 0.0, 1.0],
                [1.000001, -1e-06, 1e-06, -0.0, -0.0, 0.776805, 0.629745, 0.374726, -1e-06, -0.629753, 0.776793, -0.0, 0.0, 0.0, 0.0, 1.0],
                [1.000001, -0.0, 1e-06, -0.0, -0.0, 0.765534, 0.6434, 0.374726, -1e-06, -0.643408, 0.765522, 0.0, 0.0, 0.0, 0.0, 1.0],
                [1.000001, -0.0, 1e-06, 0.0, -0.0, 0.75388, 0.657015, 0.374726, -1e-06, -0.657023, 0.753869, 0.0, 0.0, 0.0, 0.0, 1.0],
                [1.000001, -0.0, 1e-06, -0.0, -0.0, 0.743424, 0.668823, 0.374726, -1e-06, -0.668832, 0.743413, 0.0, 0.0, 0.0, 0.0, 1.0],
                [1.0, -1e-06, 1e-06, 0.0, -0.0, 0.734802, 0.678285, 0.374726, -1e-06, -0.678293, 0.73479, 0.0, 0.0, 0.0, 0.0, 1.0],
                [1.000001, -1e-06, 1e-06, 0.0, -0.0, 0.728425, 0.685129, 0.374726, -1e-06, -0.685138, 0.728413, -0.0, 0.0, 0.0, 0.0, 1.0],
                [1.000001, -1e-06, 1e-06, 0.0, -0.0, 0.724704, 0.689062, 0.374726, -1e-06, -0.689071, 0.724694, 0.0, 0.0, 0.0, 0.0, 1.0],
                [1.000001, -0.0, 1e-06, 0.0, -0.0, 0.722871, 0.690986, 0.374726, -1e-06, -0.690995, 0.722859, 0.0, 0.0, 0.0, 0.0, 1.0],
                [1.000001, -0.0, 1e-06, 0.0, -0.0, 0.721842, 0.69206, 0.374726, -1e-06, -0.692069, 0.721831, -0.0, 0.0, 0.0, 0.0, 1.0],
                [1.000001, -1e-06, 1e-06, 0.0, -0.0, 0.721599, 0.692314, 0.374726, -1e-06, -0.692323, 0.721588, 0.0, 0.0, 0.0, 0.0, 1.0],
                [1.000001, -1e-06, 1e-06, -0.0, -0.0, 0.722118, 0.691772, 0.374726, -1e-06, -0.691781, 0.722107, -0.0, 0.0, 0.0, 0.0, 1.0],
                [1.000001, -0.0, 1e-06, 0.0, -0.0, 0.723378, 0.690455, 0.374726, -1e-06, -0.690463, 0.723366, 0.0, 0.0, 0.0, 0.0, 1.0],
                [1.000001, -0.0, 1e-06, -0.0, -0.0, 0.725359, 0.688373, 0.374726, -1e-06, -0.688382, 0.725347, 0.0, 0.0, 0.0, 0.0, 1.0],
                [1.0, -1e-06, 1e-06, 0.0, -0.0, 0.728038, 0.685538, 0.374726, -1e-06, -0.685547, 0.728028, -0.0, 0.0, 0.0, 0.0, 1.0],
                [1.000001, -0.0, 1e-06, -0.0, -0.0, 0.7314, 0.681951, 0.374726, -1e-06, -0.68196, 0.731389, -0.0, 0.0, 0.0, 0.0, 1.0],
                [1.000001, -0.0, 1e-06, -0.0, -0.0, 0.73542, 0.677614, 0.374726, -1e-06, -0.677623, 0.735409, -0.0, 0.0, 0.0, 0.0, 1.0],
                [1.000001, -1e-06, 1e-06, -0.0, -0.0, 0.74008, 0.672523, 0.374726, -1e-06, -0.672531, 0.740068, 0.0, 0.0, 0.0, 0.0, 1.0],
                [1.000001, -0.0, 1e-06, 0.0, 0.0, 0.745359, 0.666666, 0.374726, -1e-06, -0.666674, 0.745348, 0.0, 0.0, 0.0, 0.0, 1.0],
                [1.0, -0.0, 1e-06, 0.0, -0.0, 0.751236, 0.660037, 0.374726, -1e-06, -0.660046, 0.751224, 0.0, 0.0, 0.0, 0.0, 1.0],
                [1.000001, -0.0, 1e-06, -0.0, -0.0, 0.757692, 0.652617, 0.374726, -1e-06, -0.652625, 0.75768, -0.0, 0.0, 0.0, 0.0, 1.0],
                [1.000001, -0.0, 1e-06, -0.0, -0.0, 0.757767, 0.652529, 0.374726, -1e-06, -0.652537, 0.757755, 0.0, 0.0, 0.0, 0.0, 1.0],
                [1.000001, -1e-06, 1e-06, 0.0, -0.0, 0.745437, 0.66658, 0.374726, -1e-06, -0.666588, 0.745425, -0.0, 0.0, 0.0, 0.0, 1.0],
                [1.000001, -1e-06, 1e-06, 0.0, -0.0, 0.722191, 0.691696, 0.374726, -1e-06, -0.691705, 0.72218, 0.0, 0.0, 0.0, 0.0, 1.0],
                [1.000001, -1e-06, 1e-06, 0.0, -0.0, 0.689652, 0.724143, 0.374726, -1e-06, -0.724152, 0.689641, 0.0, 0.0, 0.0, 0.0, 1.0],
                [1.000001, -1e-06, 1e-06, -0.0, 0.0, 0.649553, 0.760316, 0.374726, -1e-06, -0.760325, 0.649543, 0.0, 0.0, 0.0, 0.0, 1.0],
