{
    "animation": [
        {
            "name": "Root",
            "time": [0.0, 0.0167, 0.0333, 0.05, 0.0667, 0.0833, 0.1, 0.1167, 0.1333, 0.15, 0.1667, 0.1833, 0.2, 0.2167, 0.2333, 0.25, 0.2667, 0.2833, 0.3, 0.3167, 0.3333, 0.35, 0.3667, 0.3833, 0.4, 0.4167, 0.4333, 0.45, 0.4667, 0.4833, 0.5, 0.5167, 0.5333, 0.55, 0.5667, 0.5833, 0.6, 0.6167, 0.6333, 0.65, 0.6667, 0.6833, 0.7, 0.7167, 0.7333, 0.75, 0.7667, 0.7833, 0.8, 0.8167, 0.8333, 0.85, 0.8667, 0.8833, 0.9, 0.9167, 0.9333, 0.95, 0.9667, 0.9833, 1.0, 1.0167, 1.0333, 1.05, 1.0667, 1.0833, 1.1, 1.1167, 1.1333, 1.15, 1.1667, 1.1833, 1.2, 1.2167, 1.2333, 1.25, 1.2667, 1.2833, 1.3, 1.3167, 1.3333, 1.35, 1.3667, 1.3833, 1.4, 1.4167, 1.4333, 1.45, 1.4667, 1.4833, 1.5, 1.5167, 1.5333, 1.55, 1.5667, 1.5833, 1.6, 1.6167, 1.6333, 1.65, 1.6667, 1.6833, 1.7, 1.7167, 1.7333, 1.75, 1.7667],
            "transform": [
                [0.676054, -0.089439, -0.731404, 0.020437, -0.689103, 0.274764, -0.670554, 0.122671, 0.260937, 0.957343, 0.124122, 0.520214, 0.0, 0.0, 0.0, 1.0],
                [0.685963, -0.09175, -0.721828, 0.021564, -0.684123, 0.256584, -0.682745, 0.136605, 0.247851, 0.962157, 0.113239, 0.532622, 0.0, 0.0, 0.0, 1.0],
                [0.71128, -0.096211, -0.696293, 0.024469, -0.669481, 0.209118, -0.712787, 0.175184, 0.214185, 0.973146, 0.08433, 0.564623, 0.0, 0.0, 0.0, 1.0],
                [0.745063, -0.098808, -0.659635, 0.028442, -0.645324, 0.143254, -0.750357, 0.233577, 0.168636, 0.984741, 0.04297, 0.60838, 0.0, 0.0, 0.0, 1.0],
                [0.780512, -0.096691, -0.617618, 0.03277, -0.613559, 0.070814, -0.786468, 0.30695, 0.11978, 0.992792, -0.004055, 0.656055, 0.0, 0.0, 0.0, 1.0],
                [0.811812, -0.089308, -0.577049, 0.036743, -0.579058, 0.004109, -0.815276, 0.390473, 0.075182, 0.995996, -0.048379, 0.699812, 0.0, 0.0, 0.0, 1.0],
                [0.83468, -0.078341, -0.545135, 0.039648, -0.549225, -0.045127, -0.834455, 0.479313, 0.040771, 0.995905, -0.080694, 0.731813, 0.0, 0.0, 0.0, 1.0],
                [0.846099, -0.066611, -0.528847, 0.040775, -0.532604, -0.066195, -0.843772, 0.568638, 0.021197, 0.995581, -0.091485, 0.744222, 0.0, 0.0, 0.0, 1.0],
                [0.847682, -0.059937, -0.527108, 0.040166, -0.53024, -0.064347, -0.845402, 0.653915, 0.016753, 0.996126, -0.086327, 0.743513, 0.0, 0.0, 0.0, 1.0],
                [0.847782, -0.057476, -0.527221, 0.03844, -0.529237, -0.027455, -0.84803, 0.73244, 0.034267, 0.997969, -0.053694, 0.736376, 0.0, 0.0, 0.0, 1.0],
                [0.847596, -0.055186, -0.527764, 0.035745, -0.525253, 0.054126, -0.849223, 0.804338, 0.075431, 0.997008, 0.01689, 0.720116, 0.0, 0.0, 0.0, 1.0],
                [0.847148, -0.051498, -0.528855, 0.032231, -0.514666, 0.167974, -0.840776, 0.870367, 0.132133, 0.984445, 0.115795, 0.696091, 0.0, 0.0, 0.0, 1.0],
                [0.846623, -0.044776, -0.530306, 0.028046, -0.49511, 0.299178, -0.815695, 0.931284, 0.19518, 0.953146, 0.231121, 0.665655, 0.0, 0.0, 0.0, 1.0],
                [0.846376, -0.033466, -0.531533, 0.023339, -0.467605, 0.431036, -0.771721, 0.987846, 0.254936, 0.901714, 0.34917, 0.630165, 0.0, 0.0, 0.0, 1.0],
                [0.846785, -0.016224, -0.531688, 0.01826, -0.437206, 0.548115, -0.713036, 1.04081, 0.302995, 0.836246, 0.457042, 0.590977, 0.0, 0.0, 0.0, 1.0],
                [0.847981, 0.008138, -0.529964, 0.012957, -0.411914, 0.639351, -0.649274, 1.090933, 0.333549, 0.768872, 0.54551, 0.549446, 0.0, 0.0, 0.0, 1.0],
                [0.849485, 0.034423, -0.526489, 0.00758, -0.395446, 0.702133, -0.592142, 1.138847, 0.349282, 0.711214, 0.610063, 0.506933, 0.0, 0.0, 0.0, 1.0],
                [0.850743, 0.056957, -0.522486, 0.002277, -0.385301, 0.743708, -0.546298, 1.184679, 0.357461, 0.666074, 0.65465, 0.464816, 0.0, 0.0, 0.0, 1.0],
                [0.851573, 0.076231, -0.518664, -0.002802, -0.380573, 0.770325, -0.511629, 1.22843, 0.360538, 0.633078, 0.684999, 0.424478, 0.0, 0.0, 0.0, 1.0],
                [0.85195, 0.092588, -0.515372, -0.007509, -0.379906, 0.78664, -0.486693, 1.270101, 0.36035, 0.610431, 0.705352, 0.387299, 0.0, 0.0, 0.0, 1.0],
                [0.851969, 0.106217, -0.512706, -0.011694, -0.38172, 0.796242, -0.469351, 1.309693, 0.358384, 0.595582, 0.718918, 0.354664, 0.0, 0.0, 0.0, 1.0],
                [0.851812, 0.117178, -0.510574, -0.015209, -0.384318, 0.802103, -0.457089, 1.3462, 0.355972, 0.585577, 0.728274, 0.327953, 0.0, 0.0, 0.0, 1.0],
                [0.851724, 0.125443, -0.508754, -0.017903, -0.385958, 0.806877, -0.447197, 1.374581, 0.354405, 0.577246, 0.735652, 0.30855, 0.0, 0.0, 0.0, 1.0],
                [0.852404, 0.135228, -0.505095, -0.01963, -0.388061, 0.811033, -0.43776, 1.395939, 0.350451, 0.569156, 0.743805, 0.297432, 0.0, 0.0, 0.0, 1.0],
                [0.856893, 0.165836, -0.48809, -0.020238, -0.403866, 0.804384, -0.435727, 1.439973, 0.320353, 0.570495, 0.756247, 0.293958, 0.0, 0.0, 0.0, 1.0],
                [0.905719, 0.186737, -0.380529, -0.016893, -0.370281, 0.785505, -0.495857, 1.533548, 0.206312, 0.59001, 0.780592, 0.308787, 0.0, 0.0, 0.0, 1.0],
                [0.979424, 0.146408, -0.138903, -0.00592, -0.200937, 0.771557, -0.603593, 1.663587, 0.018801, 0.619084, 0.7851, 0.355247, 0.0, 0.0, 0.0, 1.0],
                [0.984992, 0.044857, 0.166671, 0.011072, 0.075537, 0.756226, -0.649936, 1.796922, -0.155196, 0.652771, 0.741488, 0.428149, 0.0, 0.0, 0.0, 1.0],
                [0.914431, -0.047807, 0.401907, 0.020437, 0.305689, 0.7324, -0.608394, 1.859965, -0.265272, 0.679194, 0.684344, 0.489707, 0.0, 0.0, 0.0, 1.0],
                [0.862891, -0.080699, 0.498906, 0.019803, 0.393744, 0.726216, -0.563539, 1.858742, -0.316836, 0.682714, 0.65842, 0.512548, 0.0, 0.0, 0.0, 1.0],
                [0.851658, -0.082789, 0.517517, 0.018289, 0.405665, 0.729336, -0.550913, 1.85608, -0.331834, 0.679128, 0.65473, 0.516758, 0.0, 0.0, 0.0, 1.0],
                [0.853956, -0.087708, 0.512901, 0.016483, 0.40632, 0.728159, -0.551985, 1.853278, -0.32506, 0.679773, 0.657454, 0.522815, 0.0, 0.0, 0.0, 1.0],
                [0.858863, -0.09614, 0.503102, 0.01497, 0.406412, 0.725722, -0.555119, 1.850806, -0.311743, 0.681237, 0.662369, 0.53207, 0.0, 0.0, 0.0, 1.0],
                [0.863668, -0.098544, 0.494334, 0.014336, 0.403166, 0.723686, -0.560121, 1.848928, -0.302546, 0.683058, 0.664754, 0.541092, 0.0, 0.0, 0.0, 1.0],
                [0.866698, -0.089916, 0.490663, 0.014336, 0.398686, 0.716033, -0.573016, 1.84777, -0.299807, 0.692252, 0.656432, 0.547369, 0.0, 0.0, 0.0, 1.0],
                [0.868329, -0.07437, 0.490381, 0.014336, 0.396449, 0.698194, -0.596115, 1.847148, -0.298048, 0.712035, 0.635746, 0.551126, 0.0, 0.0, 0.0, 1.0],
                [0.869197, -0.055954, 0.49129, 0.014336, 0.395864, 0.674109, -0.623593, 1.846856, -0.296291, 0.736509, 0.608084, 0.553038, 0.0, 0.0, 0.0, 1.0],
                [0.869933, -0.038829, 0.491638, 0.014336, 0.396303, 0.648384, -0.650033, 1.846688, -0.29353, 0.760323, 0.579439, 0.55378, 0.0, 0.0, 0.0, 1.0],
                [0.871155, -0.027301, 0.490249, 0.014336, 0.397093, 0.626446, -0.670733, 1.846437, -0.288803, 0.778987, 0.556572, 0.554028, 0.0, 0.0, 0.0, 1.0],
                [0.872883, -0.022123, 0.487427, 0.014336, 0.396873, 0.613324, -0.682881, 1.845978, -0.283843, 0.789522, 0.54414, 0.554315, 0.0, 0.0, 0.0, 1.0],
                [0.874494, -0.020029, 0.484623, 0.014336, 0.395454, 0.607975, -0.688464, 1.845504, -0.280849, 0.793703, 0.539591, 0.554611, 0.0, 0.0, 0.0, 1.0],
                [0.875622, -0.019342, 0.48261, 0.014336, 0.393857, 0.606966, -0.690268, 1.845285, -0.279577, 0.794493, 0.53909, 0.554748, 0.0, 0.0, 0.0, 1.0],
                [0.876108, -0.018741, 0.48175, 0.014336, 0.392666, 0.607512, -0.690466, 1.845288, -0.279729, 0.794089, 0.539606, 0.55406, 0.0, 0.0, 0.0, 1.0],
                [0.87627, -0.018004, 0.481484, 0.014336, 0.391585, 0.60886, -0.689892, 1.845312, -0.280735, 0.793074, 0.540576, 0.55242, 0.0, 0.0, 0.0, 1.0],
                [0.876471, -0.017118, 0.48115, 0.014336, 0.390266, 0.610495, -0.689194, 1.845376, -0.281942, 0.791835, 0.541762, 0.550463, 0.0, 0.0, 0.0, 1.0],
                [0.877075, -0.01607, 0.480085, 0.014336, 0.388359, 0.611909, -0.689017, 1.845502, -0.282696, 0.790765, 0.542931, 0.548823, 0.0, 0.0, 0.0, 1.0],
                [0.878441, -0.014843, 0.47762, 0.014336, 0.385517, 0.612592, -0.690006, 1.845709, -0.282344, 0.79026, 0.543848, 0.548135, 0.0, 0.0, 0.0, 1.0],
                [0.881558, -0.012114, 0.47192, 0.0154, 0.380449, 0.610077, -0.695029, 1.849137, -0.279487, 0.79225, 0.542427, 0.54878, 0.0, 0.0, 0.0, 1.0],
                [0.886967, -0.006848, 0.461783, 0.018441, 0.372219, 0.602507, -0.706002, 1.858448, -0.273393, 0.798084, 0.536953, 0.550664, 0.0, 0.0, 0.0, 1.0],
                [0.89431, 0.000481, 0.447448, 0.023235, 0.360943, 0.590226, -0.722048, 1.872948, -0.264443, 0.807238, 0.527671, 0.553711, 0.0, 0.0, 0.0, 1.0],
                [0.903198, 0.009347, 0.429122, 0.029554, 0.346696, 0.573529, -0.742204, 1.891943, -0.253051, 0.819132, 0.51477, 0.557845, 0.0, 0.0, 0.0, 1.0],
                [0.913221, 0.019193, 0.407013, 0.037173, 0.329539, 0.552706, -0.765454, 1.914737, -0.23965, 0.833155, 0.498418, 0.562991, 0.0, 0.0, 0.0, 1.0],
                [0.923959, 0.029456, 0.381356, 0.045866, 0.309548, 0.528076, -0.790769, 1.940637, -0.224678, 0.848686, 0.478802, 0.569071, 0.0, 0.0, 0.0, 1.0],
                [0.934998, 0.03959, 0.352435, 0.055407, 0.286838, 0.50001, -0.817138, 1.968948, -0.208572, 0.865114, 0.456153, 0.576011, 0.0, 0.0, 0.0, 1.0],
                [0.945945, 0.049083, 0.320591, 0.06557, 0.261573, 0.468951, -0.843602, 1.998974, -0.191748, 0.881859, 0.430763, 0.583734, 0.0, 0.0, 0.0, 1.0],
                [0.956437, 0.05748, 0.286225, 0.07613, 0.233977, 0.435417, -0.869291, 2.030023, -0.174594, 0.898392, 0.403, 0.592163, 0.0, 0.0, 0.0, 1.0],
                [0.966156, 0.064396, 0.24979, 0.086861, 0.204332, 0.399998, -0.893449, 2.061399, -0.15745, 0.914251, 0.373302, 0.601224, 0.0, 0.0, 0.0, 1.0],
                [0.97484, 0.069529, 0.211784, 0.097536, 0.172969, 0.363343, -0.915458, 2.092407, -0.140601, 0.929057, 0.342175, 0.610841, 0.0, 0.0, 0.0, 1.0],
                [0.982286, 0.072665, 0.172726, 0.10793, 0.140259, 0.326144, -0.934857, 2.122354, -0.124265, 0.942523, 0.310175, 0.620936, 0.0, 0.0, 0.0, 1.0],
                [0.988355, 0.07368, 0.133138, 0.117817, 0.106599, 0.289117, -0.95134, 2.150544, -0.108587, 0.954454, 0.277896, 0.631434, 0.0, 0.0, 0.0, 1.0],
                [0.992971, 0.072532, 0.093528, 0.126971, 0.072392, 0.25298, -0.964759, 2.176284, -0.093637, 0.964749, 0.245951, 0.64226, 0.0, 0.0, 0.0, 1.0],
                [0.996087, 0.069596, 0.054472, 0.13518, 0.038054, 0.218551, -0.975083, 2.198882, -0.079767, 0.973341, 0.215047, 0.653157, 0.0, 0.0, 0.0, 1.0],
                [0.997661, 0.066292, 0.016669, 0.142322, 0.004012, 0.18664, -0.98242, 2.217852, -0.068238, 0.980189, 0.185937, 0.663351, 0.0, 0.0, 0.0, 1.0],
                [0.997815, 0.063019, -0.019833, 0.14844, -0.029553, 0.157281, -0.987112, 2.233452, -0.059088, 0.985541, 0.1588, 0.672698, 0.0, 0.0, 0.0, 1.0],
                [0.996684, 0.059859, -0.055121, 0.153614, -0.062558, 0.130465, -0.989477, 2.246123, -0.052038, 0.989644, 0.133777, 0.681256, 0.0, 0.0, 0.0, 1.0],
                [0.99438, 0.056866, -0.089304, 0.157922, -0.094964, 0.106152, -0.989805, 2.256309, -0.046807, 0.992722, 0.110956, 0.689085, 0.0, 0.0, 0.0, 1.0],
                [0.990994, 0.054069, -0.122502, 0.161446, -0.126773, 0.084281, -0.988345, 2.264451, -0.043114, 0.994974, 0.090377, 0.696241, 0.0, 0.0, 0.0, 1.0],
                [0.986597, 0.051475, -0.154844, 0.164263, -0.158021, 0.064776, -0.985309, 2.270993, -0.040689, 0.996571, 0.072042, 0.702783, 0.0, 0.0, 0.0, 1.0],
                [0.981236, 0.049072, -0.186459, 0.166455, -0.188768, 0.047549, -0.98087, 2.276377, -0.039267, 0.997663, 0.05592, 0.708769, 0.0, 0.0, 0.0, 1.0],
                [0.974941, 0.046829, -0.217481, 0.168101, -0.219092, 0.032511, -0.975162, 2.281045, -0.038596, 0.998374, 0.041956, 0.714257, 0.0, 0.0, 0.0, 1.0],
                [0.967718, 0.044704, -0.248038, 0.169279, -0.249087, 0.019568, -0.968283, 2.28544, -0.038432, 0.998809, 0.030072, 0.719306, 0.0, 0.0, 0.0, 1.0],
                [0.959556, 0.042651, -0.278267, 0.170071, -0.278865, 0.008649, -0.960291, 2.290005, -0.03855, 0.999053, 0.020193, 0.723972, 0.0, 0.0, 0.0, 1.0],
                [0.950405, 0.040658, -0.308346, 0.170552, -0.308592, -0.000246, -0.951194, 2.295182, -0.03875, 0.999173, 0.012313, 0.728302, 0.0, 0.0, 0.0, 1.0],
                [0.940183, 0.038724, -0.338462, 0.170801, -0.338449, -0.007094, -0.940958, 2.301415, -0.038839, 0.999225, 0.006436, 0.732344, 0.0, 0.0, 0.0, 1.0],
                [0.928778, 0.036845, -0.3688, 0.170893, -0.368618, -0.011876, -0.929505, 2.309145, -0.038627, 0.99925, 0.002552, 0.736142, 0.0, 0.0, 0.0, 1.0],
                [0.916048, 0.035019, -0.399538, 0.170907, -0.399273, -0.014564, -0.916717, 2.318817, -0.037922, 0.999281, 0.000641, 0.739744, 0.0, 0.0, 0.0, 1.0],
                [0.901845, 0.033076, -0.430791, 0.170741, -0.430494, -0.016003, -0.902452, 2.330666, -0.036744, 0.999325, -0.000193, 0.743178, 0.0, 0.0, 0.0, 1.0],
                [0.886133, 0.030869, -0.462402, 0.170258, -0.462088, -0.017072, -0.88667, 2.344103, -0.035265, 0.999378, -0.000864, 0.746408, 0.0, 0.0, 0.0, 1.0],
                [0.868925, 0.028439, -0.494126, 0.169486, -0.493808, -0.017793, -0.869389, 2.358331, -0.033517, 0.999437, -0.001417, 0.749381, 0.0, 0.0, 0.0, 1.0],
                [0.850264, 0.025826, -0.525723, 0.168447, -0.525412, -0.018188, -0.850654, 2.372554, -0.031531, 0.999501, -0.001896, 0.752043, 0.0, 0.0, 0.0, 1.0],
                [0.830222, 0.023067, -0.556955, 0.167169, -0.55666, -0.018285, -0.830539, 2.385977, -0.029342, 0.999567, -0.002341, 0.75434, 0.0, 0.0, 0.0, 1.0],
                [0.808903, 0.020199, -0.587595, 0.165675, -0.587323, -0.018114, -0.80915, 2.397803, -0.026988, 0.999632, -0.002789, 0.75622, 0.0, 0.0, 0.0, 1.0],
                [0.786439, 0.017258, -0.617427, 0.163992, -0.617181, -0.017706, -0.786622, 2.407236, -0.024508, 0.999694, -0.003273, 0.757629, 0.0, 0.0, 0.0, 1.0],
                [0.762994, 0.014276, -0.646248, 0.162143, -0.646033, -0.017098, -0.763118, 2.41348, -0.021944, 0.999752, -0.003823, 0.758513, 0.0, 0.0, 0.0, 1.0],
                [0.738755, 0.011283, -0.673879, 0.160156, -0.673696, -0.016331, -0.738828, 2.415738, -0.019341, 0.999803, -0.004464, 0.75882, 0.0, 0.0, 0.0, 1.0],
                [0.71394, 0.008304, -0.700158, 0.158054, -0.700007, -0.015439, -0.713969, 2.41563, -0.016739, 0.999846, -0.00521, 0.758819, 0.0, 0.0, 0.0, 1.0],
                [0.688793, 0.00537, -0.724938, 0.155863, -0.724819, -0.014436, -0.688788, 2.415322, -0.014164, 0.999881, -0.006051, 0.758816, 0.0, 0.0, 0.0, 1.0],
                [0.663582, 0.00251, -0.748099, 0.153608, -0.748013, -0.013328, -0.663551, 2.414834, -0.011636, 0.999908, -0.006967, 0.758807, 0.0, 0.0, 0.0, 1.0],
                [0.638593, -0.000248, -0.769545, 0.151314, -0.76949, -0.012127, -0.638544, 2.414191, -0.009174, 0.999926, -0.007935, 0.758789, 0.0, 0.0, 0.0, 1.0],
                [0.614124, -0.002877, -0.789204, 0.149007, -0.78918, -0.010848, -0.614066, 2.413412, -0.006794, 0.999937, -0.008933, 0.758759, 0.0, 0.0, 0.0, 1.0],
                [0.590484, -0.005351, -0.807031, 0.146711, -0.807037, -0.009507, -0.590425, 2.41252, -0.004513, 0.999941, -0.009932, 0.758715, 0.0, 0.0, 0.0, 1.0],
                [0.567988, -0.007646, -0.823002, 0.144453, -0.823034, -0.008123, -0.567934, 2.411537, -0.002342, 0.999938, -0.010907, 0.758654, 0.0, 0.0, 0.0, 1.0],
                [0.546949, -0.00974, -0.837109, 0.142256, -0.837166, -0.006715, -0.546908, 2.410486, -0.000294, 0.99993, -0.011827, 0.758572, 0.0, 0.0, 0.0, 1.0],
                [0.527681, -0.011612, -0.849363, 0.140147, -0.849441, -0.005306, -0.527657, 2.409387, 0.00162, 0.999919, -0.012664, 0.758467, 0.0, 0.0, 0.0, 1.0],
                [0.510492, -0.013242, -0.85978, 0.13815, -0.859876, -0.003917, -0.510489, 2.408264, 0.003392, 0.999905, -0.013386, 0.758336, 0.0, 0.0, 0.0, 1.0],
                [0.495612, -0.014279, -0.868427, 0.136287, -0.868527, -0.001983, -0.495637, 2.407136, 0.005355, 0.999896, -0.013384, 0.758168, 0.0, 0.0, 0.0, 1.0],
                [0.482981, -0.014467, -0.875511, 0.134566, -0.875596, 0.000913, -0.483043, 2.406022, 0.007787, 0.999895, -0.012226, 0.757961, 0.0, 0.0, 0.0, 1.0],
                [0.472451, -0.013937, -0.881246, 0.13299, -0.881293, 0.004539, -0.472548, 2.404936, 0.010586, 0.999893, -0.010137, 0.757726, 0.0, 0.0, 0.0, 1.0],
                [0.46386, -0.01283, -0.885816, 0.131564, -0.885804, 0.008674, -0.463979, 2.403897, 0.013637, 0.99988, -0.007341, 0.757473, 0.0, 0.0, 0.0, 1.0],
                [0.457031, -0.011294, -0.889379, 0.13029, -0.889292, 0.013102, -0.457152, 2.402919, 0.016816, 0.99985, -0.004055, 0.757211, 0.0, 0.0, 0.0, 1.0],
                [0.451775, -0.009479, -0.892082, 0.129174, -0.891908, 0.017613, -0.451874, 2.402019, 0.019995, 0.9998, -0.000497, 0.756952, 0.0, 0.0, 0.0, 1.0],
                [0.447898, -0.007537, -0.894053, 0.128219, -0.893788, 0.021998, -0.44795, 2.401212, 0.023043, 0.99973, 0.003116, 0.756704, 0.0, 0.0, 0.0, 1.0],
                [0.445196, -0.00562, -0.895415, 0.127429, -0.895061, 0.026051, -0.445183, 2.400517, 0.025828, 0.999645, 0.006568, 0.756479, 0.0, 0.0, 0.0, 1.0],
                [0.443463, -0.003876, -0.896284, 0.126808, -0.895848, 0.029566, -0.443376, 2.399947, 0.028218, 0.999555, 0.009639, 0.756286, 0.0, 0.0, 0.0, 1.0],
                [0.442489, -0.002452, -0.896771, 0.126359, -0.89627, 0.032335, -0.44233, 2.399521, 0.030082, 0.999474, 0.01211, 0.756136, 0.0, 0.0, 0.0, 1.0],
                [0.442061, -0.001494, -0.896984, 0.126087, -0.896439, 0.03415, -0.441849, 2.399253, 0.031293, 0.999416, 0.013757, 0.756038, 0.0, 0.0, 0.0, 1.0],
                [0.441965, -0.001144, -0.897032, 0.125995, -0.896471, 0.034802, -0.441733, 2.39916, 0.031724, 0.999394, 0.014356, 0.756003, 0.0, 0.0, 0.0, 1.0]
            ]
        },
        {
            "name": "Thigh_R",
            "time": [0.0, 0.0167, 0.0333, 0.05, 0.0667, 0.0833, 0.1, 0.1167, 0.1333, 0.15, 0.1667, 0.1833, 0.2, 0.2167, 0.2333, 0.25, 0.2667, 0.2833, 0.3, 0.3167, 0.3333, 0.35, 0.3667, 0.3833, 0.4, 0.4167, 0.4333, 0.45, 0.4667, 0.4833, 0.5, 0.5167, 0.5333, 0.55, 0.5667, 0.5833, 0.6, 0.6167, 0.6333, 0.65, 0.6667, 0.6833, 0.7, 0.7167, 0.7333, 0.75, 0.7667, 0.7833, 0.8, 0.8167, 0.8333, 0.85, 0.8667, 0.8833, 0.9, 0.9167, 0.9333, 0.95, 0.9667, 0.9833, 1.0, 1.0167, 1.0333, 1.05, 1.0667, 1.0833, 1.1, 1.1167, 1.1333, 1.15, 1.1667, 1.1833, 1.2, 1.2167, 1.2333, 1.25, 1.2667, 1.2833, 1.3, 1.3167, 1.3333, 1.35, 1.3667, 1.3833, 1.4, 1.4167, 1.4333, 1.45, 1.4667, 1.4833, 1.5, 1.5167, 1.5333, 1.55, 1.5667, 1.5833, 1.6, 1.6167, 1.6333, 1.65, 1.6667, 1.6833, 1.7, 1.7167, 1.7333, 1.75, 1.7667],
            "transform": [
                [0.826743, 0.494342, 0.268551, 0.124994, 0.559826, -0.770069, -0.305918, -0.00283, 0.055575, 0.403257, -0.913397, -1.2e-05, 0.0, 0.0, 0.0, 1.0],
                [0.828354, 0.48809, 0.274947, 0.124994, 0.557322, -0.767725, -0.316208, -0.00283, 0.056745, 0.415166, -0.907974, -1.2e-05, 0.0, 0.0, 0.0, 1.0],
                [0.833318, 0.471105, 0.289205, 0.124994, 0.549656, -0.761799, -0.342839, -0.002831, 0.058803, 0.444657, -0.893769, -1.2e-05, 0.0, 0.0, 0.0, 1.0],
                [0.842143, 0.460071, 0.281298, 0.124994, 0.536003, -0.771336, -0.343132, -0.002831, 0.05911, 0.439743, -0.896176, -1.2e-05, 0.0, 0.0, 0.0, 1.0],
                [0.854673, 0.459524, 0.241601, 0.124993, 0.516201, -0.801833, -0.300996, -0.002831, 0.055408, 0.381967, -0.922513, -1.2e-05, 0.0, 0.0, 0.0, 1.0],
                [0.869337, 0.44017, 0.224726, 0.124994, 0.492043, -0.813474, -0.310085, -0.002831, 0.046318, 0.380142, -0.923768, -1.2e-05, 0.0, 0.0, 0.0, 1.0],
                [0.882138, 0.415093, 0.22255, 0.124994, 0.470069, -0.805462, -0.360921, -0.002831, 0.02944, 0.422995, -0.905653, -1.2e-05, 0.0, 0.0, 0.0, 1.0],
                [0.890615, 0.368134, 0.266984, 0.124994, 0.454722, -0.728125, -0.512894, -0.002831, 0.005584, 0.578194, -0.81588, -1.2e-05, 0.0, 0.0, 0.0, 1.0],
                [0.904062, 0.362151, 0.226974, 0.124994, 0.42704, -0.743619, -0.514456, -0.00283, -0.017529, 0.562027, -0.826933, -1.2e-05, 0.0, 0.0, 0.0, 1.0],
                [0.936377, 0.349315, 0.034271, 0.124994, 0.350291, -0.923866, -0.15416, -0.002831, -0.022188, 0.156356, -0.987452, -1.2e-05, 0.0, 0.0, 0.0, 1.0],
                [0.977584, 0.187809, -0.095161, 0.124993, 0.209679, -0.90934, 0.35935, -0.002831, -0.019045, -0.371248, -0.928338, -1.2e-05, 0.0, 0.0, 0.0, 1.0],
                [0.998945, -0.014607, -0.043529, 0.124993, 0.024621, -0.629809, 0.776359, -0.002831, -0.038755, -0.776611, -0.628786, -1.2e-05, 0.0, 0.0, 0.0, 1.0],
                [0.985213, -0.133109, 0.107867, 0.124994, -0.141846, -0.280622, 0.949279, -0.00283, -0.096088, -0.950542, -0.295354, -1.2e-05, 0.0, 0.0, 0.0, 1.0],
                [0.953818, -0.190281, 0.232429, 0.124993, -0.243855, -0.038683, 0.96904, -0.00283, -0.175399, -0.980966, -0.083297, -1.2e-05, 0.0, 0.0, 0.0, 1.0],
                [0.925873, -0.23398, 0.296668, 0.124993, -0.280489, 0.100427, 0.954589, -0.002831, -0.253148, -0.967039, 0.027354, -1.2e-05, 0.0, 0.0, 0.0, 1.0],
                [0.910471, -0.267684, 0.315257, 0.124993, -0.268813, 0.19626, 0.942985, -0.00283, -0.314295, -0.943305, 0.106731, -1.2e-05, 0.0, 0.0, 0.0, 1.0],
                [0.906793, -0.278564, 0.316428, 0.124994, -0.230726, 0.300263, 0.925531, -0.002831, -0.352831, -0.912273, 0.208005, -1.2e-05, 0.0, 0.0, 0.0, 1.0],
                [0.910823, -0.282124, 0.301341, 0.124994, -0.183389, 0.377452, 0.907688, -0.002831, -0.369823, -0.882005, 0.292054, -1.2e-05, 0.0, 0.0, 0.0, 1.0],
                [0.919711, -0.282948, 0.272158, 0.124994, -0.133651, 0.426169, 0.894716, -0.00283, -0.369144, -0.859254, 0.354137, -1.2e-05, 0.0, 0.0, 0.0, 1.0],
                [0.930808, -0.277201, 0.238231, 0.124994, -0.085723, 0.468042, 0.879538, -0.00283, -0.355311, -0.839103, 0.411896, -1.2e-05, 0.0, 0.0, 0.0, 1.0],
                [0.942043, -0.261609, 0.210032, 0.124994, -0.042235, 0.528587, 0.847827, -0.00283, -0.332819, -0.80756, 0.486905, -1.2e-05, 0.0, 0.0, 0.0, 1.0],
                [0.952048, -0.240594, 0.188991, 0.124994, -0.005051, 0.605281, 0.795995, -0.002831, -0.305905, -0.75878, 0.575043, -1.2e-05, 0.0, 0.0, 0.0, 1.0],
                [0.959988, -0.221276, 0.171634, 0.124994, 0.023895, 0.675383, 0.737079, -0.002831, -0.279017, -0.703485, 0.653649, -1.2e-05, 0.0, 0.0, 0.0, 1.0],
                [0.966241, -0.20587, 0.154902, 0.124994, 0.048202, 0.735074, 0.67627, -0.002831, -0.253088, -0.645972, 0.720184, -1.2e-05, 0.0, 0.0, 0.0, 1.0],
                [0.973121, -0.199739, 0.114621, 0.124994, 0.093289, 0.796962, 0.596781, -0.002831, -0.210549, -0.570047, 0.794176, -1.2e-05, 0.0, 0.0, 0.0, 1.0],
                [0.9864, -0.164259, 0.005587, 0.124994, 0.125584, 0.775207, 0.619097, -0.002831, -0.106023, -0.609976, 0.785294, -1.2e-05, 0.0, 0.0, 0.0, 1.0],
                [0.988525, 0.007756, -0.150849, 0.124994, 0.097125, 0.732211, 0.674116, -0.002831, 0.115682, -0.681032, 0.723058, -1.2e-05, 0.0, 0.0, 0.0, 1.0],
                [0.911589, 0.282862, -0.298316, 0.124994, 0.019907, 0.694426, 0.719288, -0.002831, 0.410618, -0.661633, 0.627402, -1.2e-05, 0.0, 0.0, 0.0, 1.0],
                [0.775886, 0.54312, -0.320966, 0.124994, -0.051464, 0.56156, 0.825834, -0.002831, 0.628769, -0.624234, 0.463659, -1.2e-05, 0.0, 0.0, 0.0, 1.0],
                [0.694035, 0.64626, -0.317272, 0.124994, -0.078757, 0.506199, 0.858813, -0.002831, 0.715619, -0.571059, 0.402218, -1.2e-05, 0.0, 0.0, 0.0, 1.0],
                [0.675541, 0.662628, -0.323366, 0.124993, -0.081048, 0.502645, 0.860685, -0.002831, 0.732853, -0.55522, 0.393263, -1.2e-05, 0.0, 0.0, 0.0, 1.0],
                [0.679506, 0.667779, -0.303875, 0.124994, -0.08564, 0.483548, 0.871118, -0.002831, 0.728653, -0.565905, 0.385764, -1.2e-05, 0.0, 0.0, 0.0, 1.0],
                [0.688882, 0.672619, -0.270226, 0.124993, -0.093851, 0.452416, 0.886855, -0.00283, 0.71877, -0.585578, 0.374788, -1.2e-05, 0.0, 0.0, 0.0, 1.0],
                [0.698533, 0.673257, -0.242434, 0.124994, -0.096559, 0.424381, 0.90032, -0.00283, 0.709032, -0.605493, 0.361454, -1.2e-05, 0.0, 0.0, 0.0, 1.0],
                [0.704866, 0.671702, -0.227987, 0.124993, -0.085976, 0.399938, 0.912501, -0.002831, 0.704109, -0.62359, 0.339654, -1.2e-05, 0.0, 0.0, 0.0, 1.0],
                [0.7083, 0.671041, -0.219119, 0.124994, -0.064463, 0.370595, 0.926555, -0.002831, 0.702961, -0.642153, 0.30575, -1.2e-05, 0.0, 0.0, 0.0, 1.0],
                [0.710098, 0.670954, -0.213494, 0.124994, -0.037915, 0.339212, 0.939945, -0.00283, 0.70308, -0.659359, 0.266314, -1.2e-05, 0.0, 0.0, 0.0, 1.0],
                [0.711502, 0.670961, -0.208741, 0.124994, -0.012328, 0.308936, 0.951003, -0.002831, 0.702574, -0.674067, 0.228081, -1.2e-05, 0.0, 0.0, 0.0, 1.0],
                [0.713718, 0.670504, -0.202554, 0.124993, 0.006152, 0.283173, 0.959049, -0.00283, 0.700405, -0.685736, 0.197981, -1.2e-05, 0.0, 0.0, 0.0, 1.0],
                [0.716812, 0.669057, -0.196317, 0.124993, 0.01524, 0.266452, 0.963728, -0.002831, 0.697099, -0.693803, 0.1808, -1.2e-05, 0.0, 0.0, 0.0, 1.0],
                [0.719622, 0.667075, -0.192752, 0.124994, 0.018738, 0.258836, 0.96574, -0.00283, 0.694112, -0.698579, 0.173764, -1.2e-05, 0.0, 0.0, 0.0, 1.0],
                [0.721507, 0.665369, -0.191598, 0.124994, 0.019558, 0.257018, 0.966209, -0.002831, 0.69213, -0.700874, 0.172427, -1.2e-05, 0.0, 0.0, 0.0, 1.0],
                [0.722116, 0.66411, -0.193659, 0.124994, 0.019995, 0.259793, 0.965457, -0.00283, 0.691482, -0.701044, 0.174322, -1.2e-05, 0.0, 0.0, 0.0, 1.0],
                [0.721985, 0.66279, -0.19861, 0.124994, 0.020464, 0.266466, 0.963627, -0.00283, 0.691605, -0.699788, 0.178821, -1.2e-05, 0.0, 0.0, 0.0, 1.0],
                [0.721833, 0.661155, -0.20452, 0.124993, 0.021022, 0.274436, 0.961375, -0.002831, 0.691747, -0.698251, 0.184199, -1.2e-05, 0.0, 0.0, 0.0, 1.0],
                [0.722383, 0.659, -0.209475, 0.124993, 0.02173, 0.281148, 0.959419, -0.002831, 0.691151, -0.697619, 0.188777, -1.2e-05, 0.0, 0.0, 0.0, 1.0],
                [0.724355, 0.656157, -0.211579, 0.124993, 0.022649, 0.284077, 0.958534, -0.00283, 0.689054, -0.699111, 0.190911, -1.2e-05, 0.0, 0.0, 0.0, 1.0],
                [0.729958, 0.650645, -0.209331, 0.124994, 0.025654, 0.27997, 0.959666, -0.00283, 0.683009, -0.705886, 0.187675, -1.2e-05, 0.0, 0.0, 0.0, 1.0],
                [0.740501, 0.640823, -0.202488, 0.124994, 0.032103, 0.267223, 0.9631, -0.00283, 0.671286, -0.719677, 0.177307, -1.2e-05, 0.0, 0.0, 0.0, 1.0],
                [0.755284, 0.626974, -0.190909, 0.124993, 0.04117, 0.245325, 0.968567, -0.00283, 0.654101, -0.739403, 0.159478, -1.2e-05, 0.0, 0.0, 0.0, 1.0],
                [0.77354, 0.609255, -0.174475, 0.124994, 0.051919, 0.21346, 0.975571, -0.00283, 0.631616, -0.763702, 0.133488, -1.2e-05, 0.0, 0.0, 0.0, 1.0],
                [0.794438, 0.587677, -0.153301, 0.124993, 0.063371, 0.170826, 0.983261, -0.002831, 0.604028, -0.790855, 0.098469, -1.2e-05, 0.0, 0.0, 0.0, 1.0],
                [0.817106, 0.56212, -0.127891, 0.124993, 0.074562, 0.116932, 0.990337, -0.002831, 0.571643, -0.818746, 0.053633, -1.2e-05, 0.0, 0.0, 0.0, 1.0],
                [0.840653, 0.532407, -0.099208, 0.124994, 0.0846, 0.051837, 0.995066, -0.00283, 0.534923, -0.844898, -0.001465, -1.2e-05, 0.0, 0.0, 0.0, 1.0],
                [0.864212, 0.498419, -0.068654, 0.124993, 0.092727, -0.023669, 0.99541, -0.002831, 0.494507, -0.866611, -0.066672, -1.2e-05, 0.0, 0.0, 0.0, 1.0],
                [0.886979, 0.460246, -0.037959, 0.124994, 0.098361, -0.107969, 0.989277, -0.002831, 0.451212, -0.8812, -0.141036, -1.2e-05, 0.0, 0.0, 0.0, 1.0],
                [0.908258, 0.418312, -0.008991, 0.124993, 0.101138, -0.198643, 0.97484, -0.002831, 0.406001, -0.886314, -0.222727, -1.2e-05, 0.0, 0.0, 0.0, 1.0],
                [0.927502, 0.373452, 0.016489, 0.124994, 0.100925, -0.292641, 0.950881, -0.00283, 0.359933, -0.880279, -0.309117, -1.2e-05, 0.0, 0.0, 0.0, 1.0],
                [0.944336, 0.326883, 0.037076, 0.124994, 0.097816, -0.386595, 0.917048, -0.002831, 0.314101, -0.862374, -0.39705, -1.2e-05, 0.0, 0.0, 0.0, 1.0],
                [0.958567, 0.280094, 0.051915, 0.124994, 0.092097, -0.477173, 0.87397, -0.00283, 0.269566, -0.832977, -0.483199, -1.2e-05, 0.0, 0.0, 0.0, 1.0],
                [0.970176, 0.234649, 0.060798, 0.124994, 0.084205, -0.56145, 0.823215, -0.00283, 0.227302, -0.793543, -0.564465, -1.2e-05, 0.0, 0.0, 0.0, 1.0],
                [0.979252, 0.192319, 0.06385, 0.124994, 0.07498, -0.636603, 0.767537, -0.002831, 0.188259, -0.746824, -0.637817, -1.2e-05, 0.0, 0.0, 0.0, 1.0],
                [0.98506, 0.158808, 0.066589, 0.124994, 0.06464, -0.699412, 0.711789, -0.00283, 0.159611, -0.696851, -0.69923, -1.2e-05, 0.0, 0.0, 0.0, 1.0],
                [0.987728, 0.136796, 0.075352, 0.124994, 0.053736, -0.750694, 0.65846, -0.002831, 0.146641, -0.646331, -0.748834, -1.2e-05, 0.0, 0.0, 0.0, 1.0],
                [0.988159, 0.124162, 0.090136, 0.124994, 0.044054, -0.792342, 0.608483, -0.00283, 0.146969, -0.597306, -0.788431, -1.2e-05, 0.0, 0.0, 0.0, 1.0],
                [0.986834, 0.118577, 0.109979, 0.124994, 0.036581, -0.826057, 0.562395, -0.002831, 0.157536, -0.550968, -0.819521, -1.2e-05, 0.0, 0.0, 0.0, 1.0],
                [0.984066, 0.117779, 0.133196, 0.124994, 0.031682, -0.853297, 0.520459, -0.002831, 0.174955, -0.507946, -0.843434, -1.2e-05, 0.0, 0.0, 0.0, 1.0],
                [0.980195, 0.119762, 0.157709, 0.124994, 0.029283, -0.8753, 0.482691, -0.00283, 0.195851, -0.468513, -0.861474, -1.2e-05, 0.0, 0.0, 0.0, 1.0],
                [0.975707, 0.122893, 0.181363, 0.124993, 0.029053, -0.893116, 0.448884, -0.002831, 0.217143, -0.43271, -0.874992, -1.2e-05, 0.0, 0.0, 0.0, 1.0],
                [0.971214, 0.125951, 0.202184, 0.124993, 0.030558, -0.907642, 0.418628, -0.002831, 0.236237, -0.400398, -0.885366, -1.2e-05, 0.0, 0.0, 0.0, 1.0],
                [0.967388, 0.128103, 0.218517, 0.124994, 0.033388, -0.919646, 0.391324, -0.00283, 0.251088, -0.371266, -0.893933, -1.2e-05, 0.0, 0.0, 0.0, 1.0],
                [0.964855, 0.128844, 0.229025, 0.124994, 0.037222, -0.929769, 0.366256, -0.00283, 0.26013, -0.344859, -0.90189, -1.1e-05, 0.0, 0.0, 0.0, 1.0],
                [0.964128, 0.12792, 0.232575, 0.124994, 0.041852, -0.938509, 0.342706, -0.002831, 0.262113, -0.320678, -0.910199, -1.1e-05, 0.0, 0.0, 0.0, 1.0],
                [0.965535, 0.125255, 0.22815, 0.124993, 0.047172, -0.946282, 0.31988, -0.00283, 0.255961, -0.298093, -0.919578, -1.2e-05, 0.0, 0.0, 0.0, 1.0],
                [0.969163, 0.120882, 0.214734, 0.124994, 0.053151, -0.953444, 0.296844, -0.002831, 0.24062, -0.276277, -0.93047, -1.2e-05, 0.0, 0.0, 0.0, 1.0],
                [0.974806, 0.114929, 0.191163, 0.124993, 0.05979, -0.960307, 0.272459, -0.002831, 0.214888, -0.254165, -0.942986, -1.2e-05, 0.0, 0.0, 0.0, 1.0],
                [0.97823, 0.113196, 0.17393, 0.124994, 0.06805, -0.966761, 0.246454, -0.00283, 0.196046, -0.229253, -0.95342, -1.2e-05, 0.0, 0.0, 0.0, 1.0],
                [0.976416, 0.11992, 0.179527, 0.124994, 0.078886, -0.972219, 0.220375, -0.002831, 0.200967, -0.201015, -0.958752, -1.2e-05, 0.0, 0.0, 0.0, 1.0],
                [0.968965, 0.133261, 0.208198, 0.124994, 0.092155, -0.976266, 0.195984, -0.00283, 0.229374, -0.170716, -0.958251, -1.2e-05, 0.0, 0.0, 0.0, 1.0],
                [0.953635, 0.151176, 0.260239, 0.124993, 0.107257, -0.978625, 0.175458, -0.002831, 0.281202, -0.13941, -0.949468, -1.2e-05, 0.0, 0.0, 0.0, 1.0],
                [0.92746, 0.170889, 0.332586, 0.124994, 0.122726, -0.979302, 0.160946, -0.002831, 0.353206, -0.108454, -0.929238, -1.2e-05, 0.0, 0.0, 0.0, 1.0],
                [0.889988, 0.188928, 0.415002, 0.124994, 0.136123, -0.978706, 0.153631, -0.00283, 0.43519, -0.080239, -0.896756, -1.2e-05, 0.0, 0.0, 0.0, 1.0],
                [0.848335, 0.202167, 0.48934, 0.124994, 0.144899, -0.977594, 0.152684, -0.002831, 0.509244, -0.058622, -0.858624, -1.2e-05, 0.0, 0.0, 0.0, 1.0],
                [0.81881, 0.209484, 0.534477, 0.124993, 0.147943, -0.976594, 0.156124, -0.002831, 0.554672, -0.048765, -0.830638, -1.2e-05, 0.0, 0.0, 0.0, 1.0],
                [0.820196, 0.211013, 0.531743, 0.124993, 0.146009, -0.975917, 0.162063, -0.002831, 0.553135, -0.055284, -0.831255, -1.2e-05, 0.0, 0.0, 0.0, 1.0],
                [0.840839, 0.208861, 0.499365, 0.124993, 0.142002, -0.975359, 0.168844, -0.002831, 0.522325, -0.07106, -0.84978, -1.2e-05, 0.0, 0.0, 0.0, 1.0],
                [0.859885, 0.205793, 0.467167, 0.124993, 0.137944, -0.974767, 0.175493, -0.002831, 0.491494, -0.086461, -0.866578, -1.2e-05, 0.0, 0.0, 0.0, 1.0],
                [0.877271, 0.201892, 0.43547, 0.124994, 0.133876, -0.974152, 0.181937, -0.002831, 0.460946, -0.10131, -0.881626, -1.2e-05, 0.0, 0.0, 0.0, 1.0],
                [0.892964, 0.197279, 0.404592, 0.124994, 0.12984, -0.973524, 0.188123, -0.002831, 0.430994, -0.115455, -0.894938, -1.2e-05, 0.0, 0.0, 0.0, 1.0],
                [0.906965, 0.192097, 0.37485, 0.124994, 0.125873, -0.972887, 0.194017, -0.002831, 0.401957, -0.128783, -0.906556, -1.2e-05, 0.0, 0.0, 0.0, 1.0],
                [0.919302, 0.186514, 0.346547, 0.124993, 0.122009, -0.972247, 0.199615, -0.002831, 0.374161, -0.141224, -0.916547, -1.2e-05, 0.0, 0.0, 0.0, 1.0],
                [0.93003, 0.180706, 0.319981, 0.124994, 0.118281, -0.971604, 0.204921, -0.002831, 0.347926, -0.152735, -0.924997, -1.2e-05, 0.0, 0.0, 0.0, 1.0],
                [0.939224, 0.174859, 0.295434, 0.124994, 0.114719, -0.970952, 0.209974, -0.002831, 0.323568, -0.163321, -0.932003, -1.2e-05, 0.0, 0.0, 0.0, 1.0],
                [0.946973, 0.169164, 0.273174, 0.124993, 0.111352, -0.970279, 0.214841, -0.002831, 0.301399, -0.17303, -0.937667, -1.2e-05, 0.0, 0.0, 0.0, 1.0],
                [0.953375, 0.163804, 0.253462, 0.124993, 0.108207, -0.969571, 0.219593, -0.002831, 0.28172, -0.181928, -0.942091, -1.2e-05, 0.0, 0.0, 0.0, 1.0],
                [0.958586, 0.158526, 0.236601, 0.124994, 0.104818, -0.968828, 0.224463, -0.00283, 0.264809, -0.190367, -0.945323, -1.2e-05, 0.0, 0.0, 0.0, 1.0],
                [0.962824, 0.153055, 0.222579, 0.124993, 0.100825, -0.968061, 0.229539, -0.002831, 0.250603, -0.198564, -0.947507, -1.2e-05, 0.0, 0.0, 0.0, 1.0],
                [0.966252, 0.147547, 0.211151, 0.124994, 0.096409, -0.967267, 0.23473, -0.002831, 0.238873, -0.206451, -0.94885, -1.2e-05, 0.0, 0.0, 0.0, 1.0],
                [0.969002, 0.142123, 0.202076, 0.124994, 0.091741, -0.966473, 0.239814, -0.002831, 0.229384, -0.213842, -0.949555, -1.2e-05, 0.0, 0.0, 0.0, 1.0],
                [0.97118, 0.136957, 0.195065, 0.124994, 0.086994, -0.965644, 0.244869, -0.00283, 0.2219, -0.220842, -0.949731, -1.2e-05, 0.0, 0.0, 0.0, 1.0],
                [0.972876, 0.132153, 0.189861, 0.124994, 0.082331, -0.964818, 0.24969, -0.002831, 0.216179, -0.227285, -0.949531, -1.2e-05, 0.0, 0.0, 0.0, 1.0],
                [0.974161, 0.127827, 0.186197, 0.124994, 0.077919, -0.964019, 0.254151, -0.002831, 0.211985, -0.233076, -0.949073, -1.2e-05, 0.0, 0.0, 0.0, 1.0],
                [0.9751, 0.124084, 0.1838, 0.124994, 0.073925, -0.963278, 0.258125, -0.002831, 0.20908, -0.23811, -0.948467, -1.2e-05, 0.0, 0.0, 0.0, 1.0],
                [0.975747, 0.121025, 0.1824, 0.124993, 0.070518, -0.962628, 0.26148, -0.002831, 0.207229, -0.242276, -0.947818, -1.2e-05, 0.0, 0.0, 0.0, 1.0],
                [0.976153, 0.118736, 0.181729, 0.124993, 0.067868, -0.962112, 0.264066, -0.00283, 0.206198, -0.245436, -0.94723, -1.2e-05, 0.0, 0.0, 0.0, 1.0],
                [0.976365, 0.117306, 0.181518, 0.124994, 0.066149, -0.961772, 0.265735, -0.002831, 0.205752, -0.247447, -0.946803, -1.2e-05, 0.0, 0.0, 0.0, 1.0],
                [0.976427, 0.116812, 0.181506, 0.124993, 0.065537, -0.96165, 0.266331, -0.00283, 0.205656, -0.248157, -0.946638, -1.2e-05, 0.0, 0.0, 0.0, 1.0]
            ]
        },
        {
            "name": "Leg_R",
            "time": [0.0, 0.0167, 0.0333, 0.05, 0.0667, 0.0833, 0.1, 0.1167, 0.1333, 0.15, 0.1667, 0.1833, 0.2, 0.2167, 0.2333, 0.25, 0.2667, 0.2833, 0.3, 0.3167, 0.3333, 0.35, 0.3667, 0.3833, 0.4, 0.4167, 0.4333, 0.45, 0.4667, 0.4833, 0.5, 0.5167, 0.5333, 0.55, 0.5667, 0.5833, 0.6, 0.6167, 0.6333, 0.65, 0.6667, 0.6833, 0.7, 0.7167, 0.7333, 0.75, 0.7667, 0.7833, 0.8, 0.8167, 0.8333, 0.85, 0.8667, 0.8833, 0.9, 0.9167, 0.9333, 0.95, 0.9667, 0.9833, 1.0, 1.0167, 1.0333, 1.05, 1.0667, 1.0833, 1.1, 1.1167, 1.1333, 1.15, 1.1667, 1.1833, 1.2, 1.2167, 1.2333, 1.25, 1.2667, 1.2833, 1.3, 1.3167, 1.3333, 1.35, 1.3667, 1.3833, 1.4, 1.4167, 1.4333, 1.45, 1.4667, 1.4833, 1.5, 1.5167, 1.5333, 1.55, 1.5667, 1.5833, 1.6, 1.6167, 1.6333, 1.65, 1.6667, 1.6833, 1.7, 1.7167, 1.7333, 1.75, 1.7667],
            "transform": [
                [1.000001, 0.0, 1e-06, -0.0, 0.0, 0.999997, 0.004712, 0.374726, -1e-06, -0.004713, 0.999982, -0.0, 0.0, 0.0, 0.0, 1.0],
                [1.000001, 0.0, 1e-06, -0.0, 0.0, 0.999997, 0.004707, 0.374726, -1e-06, -0.004707, 0.999982, 0.0, 0.0, 0.0, 0.0, 1.0],
                [1.0, 0.0, 1e-06, 0.0, 0.0, 0.999997, 0.004694, 0.374726, -1e-06, -0.004694, 0.999982, 0.0, 0.0, 0.0, 0.0, 1.0],
                [1.000001, -0.0, 1e-06, 0.0, 0.0, 0.99503, 0.099652, 0.374726, -1e-06, -0.099654, 0.995015, -0.0, 0.0, 0.0, 0.0, 1.0],
                [1.000001, -0.0, 1e-06, 0.0, -0.0, 0.95232, 0.305125, 0.374726, -1e-06, -0.305129, 0.952305, -0.0, 0.0, 0.0, 0.0, 1.0],
                [1.000001, -0.0, 1e-06, 0.0, -0.0, 0.928299, 0.371852, 0.374726, -1e-06, -0.371856, 0.928284, -0.0, 0.0, 0.0, 0.0, 1.0],
                [1.000001, -0.0, 1e-06, 0.0, -0.0, 0.944033, 0.329872, 0.374726, -1e-06, -0.329877, 0.944018, -0.0, 0.0, 0.0, 0.0, 1.0],
                [1.0, -0.0, 1e-06, 0.0, 0.0, 0.999997, 0.004706, 0.374726, -1e-06, -0.004706, 0.999981, -0.0, 0.0, 0.0, 0.0, 1.0],
                [1.000001, 0.0, 1e-06, -0.0, 0.0, 0.999997, 0.00472, 0.374726, -1e-06, -0.00472, 0.999982, -0.0, 0.0, 0.0, 0.0, 1.0],
                [1.000001, -1e-06, 1e-06, -0.0, -0.0, 0.778294, 0.627905, 0.374726, -1e-06, -0.627913, 0.778282, 0.0, 0.0, 0.0, 0.0, 1.0],
                [1.000001, -1e-06, 1e-06, 0.0, -0.0, 0.276145, 0.961111, 0.374726, -1e-06, -0.961123, 0.276141, 0.0, 0.0, 0.0, 0.0, 1.0],
                [1.000001, -1e-06, 0.0, -0.0, -0.0, -0.016929, 0.999851, 0.374726, -1e-06, -0.999864, -0.016929, -0.0, 0.0, 0.0, 0.0, 1.0],
                [1.000001, -1e-06, 0.0, -0.0, -0.0, -0.0025, 0.999991, 0.374726, -1e-06, -1.000003, -0.0025, 0.0, 0.0, 0.0, 0.0, 1.0],
                [1.000001, -1e-06, 0.0, -0.0, -0.0, 0.202757, 0.979224, 0.374726, -1e-06, -0.979236, 0.202754, 0.0, 0.0, 0.0, 0.0, 1.0],
                [1.000001, -1e-06, 1e-06, -0.0, -0.0, 0.468874, 0.883262, 0.374726, -1e-06, -0.883273, 0.468867, -0.0, 0.0, 0.0, 0.0, 1.0],
                [1.000001, -0.0, 1e-06, 0.0, -0.0, 0.685211, 0.728345, 0.374726, -1e-06, -0.728355, 0.685201, -0.0, 0.0, 0.0, 0.0, 1.0],
                [1.000001, -0.0, 1e-06, 0.0, -0.0, 0.797115, 0.603832, 0.374726, -1e-06, -0.60384, 0.797103, 0.0, 0.0, 0.0, 0.0, 1.0],
                [1.000001, -0.0, 1e-06, -0.0, -0.0, 0.873142, 0.487476, 0.374726, -1e-06, -0.487482, 0.873129, 0.0, 0.0, 0.0, 0.0, 1.0],
                [1.000001, -0.0, 1e-06, -0.0, -0.0, 0.927476, 0.3739, 0.374726, -1e-06, -0.373904, 0.927462, 0.0, 0.0, 0.0, 0.0, 1.0],
                [1.000001, -0.0, 1e-06, 0.0, -0.0, 0.954499, 0.298239, 0.374726, -1e-06, -0.298242, 0.954484, -0.0, 0.0, 0.0, 0.0, 1.0],
                [1.000001, -0.0, 1e-06, 0.0, -0.0, 0.950614, 0.310398, 0.374726, -1e-06, -0.310402, 0.950599, 0.0, 0.0, 0.0, 0.0, 1.0],
