{
    "animation": [
        {
            "name": "Root",
            "time": [0.0, 0.0167, 0.0333, 0.05, 0.0667, 0.0833, 0.1, 0.1167, 0.1333, 0.15, 0.1667, 0.1833, 0.2, 0.2167, 0.2333, 0.25, 0.2667, 0.2833, 0.3, 0.3167, 0.3333, 0.35, 0.3667, 0.3833, 0.4, 0.4167, 0.4333, 0.45, 0.4667, 0.4833, 0.5, 0.5167, 0.5333, 0.55, 0.5667, 0.5833, 0.6, 0.6167, 0.6333, 0.65, 0.6667, 0.6833, 0.7, 0.7167, 0.7333, 0.75, 0.7667, 0.7833, 0.8, 0.8167, 0.8333, 0.85, 0.8667, 0.8833, 0.9, 0.9167, 0.9333, 0.95, 0.9667, 0.9833, 1.0, 1.0167, 1.0333, 1.05, 1.0667, 1.0833, 1.1, 1.1167, 1.1333, 1.15, 1.1667, 1.1833, 1.2, 1.2167, 1.2333, 1.25, 1.2667, 1.2833, 1.3, 1.3167, 1.3333, 1.35, 1.3667, 1.3833, 1.4, 1.4167, 1.4333, 1.45, 1.4667, 1.4833, 1.5, 1.5167, 1.5333],
            "transform": [
                [0.270337, -0.042151, -0.961843, -0.022569, -0.960088, 0.062659, -0.27259, 0.029508, 0.071758, 0.997144, -0.02353, 0.704566, 0.0, 0.0, 0.0, 1.0],
                [0.145022, -0.05975, -0.987623, -0.033852, -0.985439, 0.080826, -0.149591, 0.052858, 0.088764, 0.994936, -0.047159, 0.668143, 0.0, 0.0, 0.0, 1.0],
                [-0.107365, -0.068672, -0.991845, -0.045134, -0.989369, 0.105805, 0.099771, 0.106989, 0.098091, 0.992013, -0.079302, 0.595033, 0.0, 0.0, 0.0, 1.0],
                [-0.308847, -0.043315, -0.950125, -0.042452, -0.945778, 0.119635, 0.301979, 0.171679, 0.100587, 0.991873, -0.077915, 0.530498, 0.0, 0.0, 0.0, 1.0],
                [-0.431484, 0.000335, -0.90212, -0.036551, -0.893302, 0.139322, 0.427318, 0.241319, 0.125828, 0.990247, -0.059816, 0.483909, 0.0, 0.0, 0.0, 1.0],
                [-0.491655, 0.051936, -0.86924, -0.030651, -0.854857, 0.161293, 0.493157, 0.313953, 0.165815, 0.985539, -0.034903, 0.455664, 0.0, 0.0, 0.0, 1.0],
                [-0.504322, 0.100951, -0.857595, -0.027969, -0.837456, 0.184969, 0.514252, 0.387939, 0.210543, 0.977546, -0.008742, 0.44616, 0.0, 0.0, 0.0, 1.0],
                [-0.48864, 0.139814, -0.86121, -0.027969, -0.83583, 0.208092, 0.508023, 0.462617, 0.25024, 0.968065, 0.015179, 0.446247, 0.0, 0.0, 0.0, 1.0],
                [-0.457074, 0.168018, -0.873415, -0.027969, -0.843577, 0.229337, 0.485576, 0.536518, 0.281891, 0.958736, 0.036912, 0.446493, 0.0, 0.0, 0.0, 1.0],
                [-0.411353, 0.186195, -0.892256, -0.027969, -0.858573, 0.249495, 0.447889, 0.607893, 0.306008, 0.950307, 0.057232, 0.446876, 0.0, 0.0, 0.0, 1.0],
                [-0.352641, 0.19524, -0.915164, -0.027969, -0.878108, 0.268926, 0.395734, 0.674995, 0.323375, 0.943165, 0.076608, 0.447374, 0.0, 0.0, 0.0, 1.0],
                [-0.281678, 0.19613, -0.93925, -0.027969, -0.89917, 0.287697, 0.329734, 0.736397, 0.33489, 0.937424, 0.095316, 0.447967, 0.0, 0.0, 0.0, 1.0],
                [-0.198928, 0.18981, -0.961457, -0.027969, -0.918601, 0.305718, 0.250416, 0.791959, 0.341467, 0.93301, 0.113544, 0.448635, 0.0, 0.0, 0.0, 1.0],
                [-0.104684, 0.177124, -0.978605, -0.027969, -0.93313, 0.322839, 0.158252, 0.84186, 0.343962, 0.929732, 0.131484, 0.449361, 0.0, 0.0, 0.0, 1.0],
                [0.000845, 0.158757, -0.987317, -0.027969, -0.939289, 0.3389, 0.05369, 0.886284, 0.343126, 0.927331, 0.149405, 0.450128, 0.0, 0.0, 0.0, 1.0],
                [0.11743, 0.135184, -0.983837, -0.027969, -0.933231, 0.35375, -0.062783, 0.925412, 0.339545, 0.92552, 0.167699, 0.450918, 0.0, 0.0, 0.0, 1.0],
                [0.242564, 0.105811, -0.964348, -0.027969, -0.911087, 0.366349, -0.18897, 0.95945, 0.333293, 0.924442, 0.185266, 0.451702, 0.0, 0.0, 0.0, 1.0],
                [0.365636, 0.070417, -0.92809, -0.027969, -0.8714, 0.376288, -0.314752, 0.988711, 0.327066, 0.923823, 0.198946, 0.452405, 0.0, 0.0, 0.0, 1.0],
                [0.474099, 0.029873, -0.879965, -0.027969, -0.817891, 0.384999, -0.427586, 1.013255, 0.326013, 0.922433, 0.20696, 0.452962, 0.0, 0.0, 0.0, 1.0],
                [0.556905, -0.015088, -0.830439, -0.027969, -0.759619, 0.395111, -0.516591, 1.03202, 0.33591, 0.918509, 0.208578, 0.453404, 0.0, 0.0, 0.0, 1.0],
                [0.605202, -0.063822, -0.793509, -0.027969, -0.70876, 0.410669, -0.573595, 1.043665, 0.362477, 0.909548, 0.203303, 0.453787, 0.0, 0.0, 0.0, 1.0],
                [0.624392, -0.078695, -0.777137, -0.028031, -0.648862, 0.501644, -0.572128, 1.050206, 0.43487, 0.861487, 0.26216, 0.454139, 0.0, 0.0, 0.0, 1.0],
                [0.656319, -0.065945, -0.751596, -0.028369, -0.548985, 0.641605, -0.535686, 1.067082, 0.517553, 0.764196, 0.384895, 0.454389, 0.0, 0.0, 0.0, 1.0],
                [0.734204, -0.096144, -0.672087, -0.029205, -0.419191, 0.714503, -0.560146, 1.114974, 0.534063, 0.692995, 0.484288, 0.455685, 0.0, 0.0, 0.0, 1.0],
                [0.866779, -0.150106, -0.475564, -0.030699, -0.253232, 0.689045, -0.679037, 1.208077, 0.429612, 0.709003, 0.559238, 0.460954, 0.0, 0.0, 0.0, 1.0],
                [0.955496, -0.154758, -0.25115, -0.033319, -0.09041, 0.656761, -0.748659, 1.318398, 0.280807, 0.738048, 0.613542, 0.463872, 0.0, 0.0, 0.0, 1.0],
                [0.992094, -0.118343, 0.041758, -0.039745, 0.107096, 0.624954, -0.773281, 1.451953, 0.065416, 0.77164, 0.632687, 0.464341, 0.0, 0.0, 0.0, 1.0],
                [0.904821, -0.043305, 0.423585, -0.051347, 0.368164, 0.57933, -0.727208, 1.617343, -0.213904, 0.813942, 0.540133, 0.464201, 0.0, 0.0, 0.0, 1.0],
                [0.769704, 0.020934, 0.638058, -0.061961, 0.549194, 0.48786, -0.678512, 1.785477, -0.325487, 0.872671, 0.364011, 0.463221, 0.0, 0.0, 0.0, 1.0],
                [0.74997, 0.044173, 0.659995, -0.065414, 0.603041, 0.364359, -0.709637, 1.92796, -0.271822, 0.93021, 0.246621, 0.451446, 0.0, 0.0, 0.0, 1.0],
                [0.608049, 0.03112, 0.793289, -0.061827, 0.729728, 0.371651, -0.57391, 2.051951, -0.312686, 0.927851, 0.203273, 0.435528, 0.0, 0.0, 0.0, 1.0],
                [0.536192, 0.038366, 0.843224, -0.05722, 0.772127, 0.381334, -0.508334, 2.154373, -0.341053, 0.923641, 0.174845, 0.421287, 0.0, 0.0, 0.0, 1.0],
                [0.508457, 0.049329, 0.859674, -0.053513, 0.785692, 0.381957, -0.486618, 2.22434, -0.352363, 0.922863, 0.155451, 0.409508, 0.0, 0.0, 0.0, 1.0],
                [0.49744, 0.06197, 0.865282, -0.050535, 0.791267, 0.376452, -0.48185, 2.250243, -0.355598, 0.924361, 0.138227, 0.401029, 0.0, 0.0, 0.0, 1.0],
                [0.478689, 0.0742, 0.874843, -0.04813, 0.802307, 0.367731, -0.470189, 2.249835, -0.356595, 0.926967, 0.116497, 0.396253, 0.0, 0.0, 0.0, 1.0],
                [0.451157, 0.085907, 0.8883, -0.046198, 0.81847, 0.356954, -0.450212, 2.248716, -0.355759, 0.930163, 0.090729, 0.393867, 0.0, 0.0, 0.0, 1.0],
                [0.419911, 0.097383, 0.902326, -0.044655, 0.836301, 0.34467, -0.426384, 2.247046, -0.352527, 0.933659, 0.063289, 0.392398, 0.0, 0.0, 0.0, 1.0],
                [0.390314, 0.108772, 0.914234, -0.043415, 0.852875, 0.331307, -0.403535, 2.244984, -0.346785, 0.937232, 0.036545, 0.391472, 0.0, 0.0, 0.0, 1.0],
                [0.367958, 0.120043, 0.922061, -0.042393, 0.865892, 0.317162, -0.386834, 2.242691, -0.338879, 0.940743, 0.012758, 0.39099, 0.0, 0.0, 0.0, 1.0],
                [0.358517, 0.130984, 0.924288, -0.041504, 0.873443, 0.302395, -0.381648, 2.240324, -0.32949, 0.94414, -0.005993, 0.390851, 0.0, 0.0, 0.0, 1.0],
                [0.358526, 0.140969, 0.922815, -0.040676, 0.876916, 0.288129, -0.384709, 2.23802, -0.320122, 0.947159, -0.020317, 0.390869, 0.0, 0.0, 0.0, 1.0],
                [0.360746, 0.149593, 0.920589, -0.03989, 0.879036, 0.275345, -0.389206, 2.235827, -0.311702, 0.949635, -0.032168, 0.390997, 0.0, 0.0, 0.0, 1.0],
                [0.365155, 0.156838, 0.91764, -0.039143, 0.879862, 0.263894, -0.395225, 2.233766, -0.304146, 0.951715, -0.041633, 0.391342, 0.0, 0.0, 0.0, 1.0],
                [0.371737, 0.162694, 0.913971, -0.03843, 0.87943, 0.253625, -0.402836, 2.231861, -0.297345, 0.953522, -0.048797, 0.392015, 0.0, 0.0, 0.0, 1.0],
                [0.380482, 0.167157, 0.909556, -0.037745, 0.877754, 0.244391, -0.412092, 2.230135, -0.291172, 0.95516, -0.053736, 0.393124, 0.0, 0.0, 0.0, 1.0],
                [0.391382, 0.170221, 0.904348, -0.037083, 0.874826, 0.236051, -0.423036, 2.228611, -0.285481, 0.956716, -0.056527, 0.394779, 0.0, 0.0, 0.0, 1.0],
                [0.404435, 0.17188, 0.89827, -0.036441, 0.870614, 0.228467, -0.4357, 2.227312, -0.280113, 0.958259, -0.057241, 0.397088, 0.0, 0.0, 0.0, 1.0],
                [0.419638, 0.172125, 0.891222, -0.035813, 0.865067, 0.221509, -0.450103, 2.226262, -0.274888, 0.959847, -0.055947, 0.400161, 0.0, 0.0, 0.0, 1.0],
                [0.436985, 0.170942, 0.883076, -0.035194, 0.858111, 0.215053, -0.46626, 2.225483, -0.269612, 0.961525, -0.052712, 0.404106, 0.0, 0.0, 0.0, 1.0],
                [0.456468, 0.168309, 0.873675, -0.03458, 0.849648, 0.208983, -0.484174, 2.224998, -0.264074, 0.963327, -0.047609, 0.409034, 0.0, 0.0, 0.0, 1.0],
                [0.478071, 0.164193, 0.862838, -0.033965, 0.839559, 0.203191, -0.503839, 2.224832, -0.258048, 0.965274, -0.04071, 0.415052, 0.0, 0.0, 0.0, 1.0],
                [0.501758, 0.158739, 0.850318, -0.033346, 0.827733, 0.197349, -0.525272, 2.230751, -0.251191, 0.967396, -0.032372, 0.422699, 0.0, 0.0, 0.0, 1.0],
                [0.527488, 0.152211, 0.835816, -0.032717, 0.813969, 0.191242, -0.548527, 2.247545, -0.243335, 0.969669, -0.023017, 0.432319, 0.0, 0.0, 0.0, 1.0],
                [0.555216, 0.144756, 0.819012, -0.032073, 0.797963, 0.184935, -0.573633, 2.27377, -0.234501, 0.972031, -0.012831, 0.443734, 0.0, 0.0, 0.0, 1.0],
                [0.584878, 0.136522, 0.79955, -0.031409, 0.779375, 0.178491, -0.600597, 2.30798, -0.224707, 0.974424, -0.002007, 0.456764, 0.0, 0.0, 0.0, 1.0],
                [0.616383, 0.127656, 0.77703, -0.030721, 0.757818, 0.171969, -0.629395, 2.348731, -0.213971, 0.976796, 0.009259, 0.471231, 0.0, 0.0, 0.0, 1.0],
                [0.649607, 0.118307, 0.751009, -0.030004, 0.732857, 0.165426, -0.659966, 2.394579, -0.202315, 0.9791, 0.02076, 0.486955, 0.0, 0.0, 0.0, 1.0],
                [0.684377, 0.108628, 0.720991, -0.029253, 0.704001, 0.158911, -0.692192, 2.444078, -0.189765, 0.981299, 0.032281, 0.503758, 0.0, 0.0, 0.0, 1.0],
                [0.720457, 0.098776, 0.68643, -0.028462, 0.670702, 0.152464, -0.725888, 2.495785, -0.176356, 0.983361, 0.043595, 0.521461, 0.0, 0.0, 0.0, 1.0],
                [0.757525, 0.088913, 0.646723, -0.027627, 0.632351, 0.146115, -0.760778, 2.548254, -0.162139, 0.985264, 0.054461, 0.539884, 0.0, 0.0, 0.0, 1.0],
                [0.795193, 0.079671, 0.601099, -0.026746, 0.588354, 0.138388, -0.796674, 2.600188, -0.146656, 0.987168, 0.06317, 0.558831, 0.0, 0.0, 0.0, 1.0],
                [0.832668, 0.071314, 0.549161, -0.02582, 0.538356, 0.12812, -0.832922, 2.650879, -0.129757, 0.989191, 0.068289, 0.578038, 0.0, 0.0, 0.0, 1.0],
                [0.868879, 0.063492, 0.490937, -0.024854, 0.482189, 0.115833, -0.868376, 2.699765, -0.112001, 0.991237, 0.07003, 0.597219, 0.0, 0.0, 0.0, 1.0],
                [0.902693, 0.055907, 0.426638, -0.023854, 0.419897, 0.102102, -0.90181, 2.746285, -0.093978, 0.993202, 0.068692, 0.616094, 0.0, 0.0, 0.0, 1.0],
                [0.932969, 0.048345, 0.356697, -0.022824, 0.351781, 0.087554, -0.931979, 2.789878, -0.076286, 0.994986, 0.064678, 0.634377, 0.0, 0.0, 0.0, 1.0],
                [0.958614, 0.04069, 0.281787, -0.021768, 0.278423, 0.072862, -0.957691, 2.829982, -0.059499, 0.996512, 0.058517, 0.651788, 0.0, 0.0, 0.0, 1.0],
                [0.978661, 0.032949, 0.202823, -0.020692, 0.200687, 0.058727, -0.977894, 2.866036, -0.044132, 0.99773, 0.050862, 0.668042, 0.0, 0.0, 0.0, 1.0],
                [0.99234, 0.025261, 0.12093, -0.019599, 0.119691, 0.045856, -0.991752, 2.897478, -0.030598, 0.998629, 0.042481, 0.682856, 0.0, 0.0, 0.0, 1.0],
                [0.99914, 0.0179, 0.03739, -0.018496, 0.036748, 0.034926, -0.998714, 2.923748, -0.019183, 0.999229, 0.034238, 0.695947, 0.0, 0.0, 0.0, 1.0],
                [0.998858, 0.011264, -0.046426, -0.017385, -0.046712, 0.026559, -0.998555, 2.944285, -0.010015, 0.999584, 0.027055, 0.707033, 0.0, 0.0, 0.0, 1.0],
                [0.991609, 0.005859, -0.129144, -0.016272, -0.129241, 0.021294, -0.991385, 2.958526, -0.003058, 0.999756, 0.021872, 0.715831, 0.0, 0.0, 0.0, 1.0],
                [0.977815, 0.002268, -0.209458, -0.015162, -0.209462, 0.019571, -0.977621, 2.96591, 0.001883, 0.999806, 0.019612, 0.722056, 0.0, 0.0, 0.0, 1.0],
                [0.958154, -3.1e-05, -0.286252, -0.014059, -0.286194, 0.019907, -0.957965, 2.969503, 0.005728, 0.999802, 0.019065, 0.726675, 0.0, 0.0, 0.0, 1.0],
                [0.933428, -0.001968, -0.358759, -0.012968, -0.358647, 0.020531, -0.933248, 2.972754, 0.009203, 0.999787, 0.018458, 0.730853, 0.0, 0.0, 0.0, 1.0],
                [0.904511, -0.003545, -0.426435, -0.011893, -0.426271, 0.021376, -0.904343, 2.97568, 0.012321, 0.999765, 0.017824, 0.734615, 0.0, 0.0, 0.0, 1.0],
                [0.872318, -0.00477, -0.488916, -0.010838, -0.488706, 0.022381, -0.872162, 2.978298, 0.015103, 0.999738, 0.017192, 0.737981, 0.0, 0.0, 0.0, 1.0],
                [0.837757, -0.005666, -0.546014, -0.009808, -0.54576, 0.023488, -0.837612, 2.980626, 0.01757, 0.999708, 0.016585, 0.740973, 0.0, 0.0, 0.0, 1.0],
                [0.801701, -0.006257, -0.597693, -0.008806, -0.5974, 0.024649, -0.801565, 2.98268, 0.019748, 0.999677, 0.016023, 0.743613, 0.0, 0.0, 0.0, 1.0],
                [0.764957, -0.006577, -0.644048, -0.007838, -0.643717, 0.025823, -0.764828, 2.984477, 0.021661, 0.999645, 0.01552, 0.745924, 0.0, 0.0, 0.0, 1.0],
                [0.728257, -0.006659, -0.685272, -0.006908, -0.684907, 0.026977, -0.728131, 2.986036, 0.023335, 0.999614, 0.015085, 0.747928, 0.0, 0.0, 0.0, 1.0],
                [0.692244, -0.006542, -0.721634, -0.006019, -0.721238, 0.028084, -0.692118, 2.987372, 0.024794, 0.999584, 0.014723, 0.749645, 0.0, 0.0, 0.0, 1.0],
                [0.657474, -0.006261, -0.753451, -0.005177, -0.753027, 0.029125, -0.657345, 2.988503, 0.02606, 0.999556, 0.014434, 0.751099, 0.0, 0.0, 0.0, 1.0],
                [0.624419, -0.005853, -0.781068, -0.004385, -0.780618, 0.030086, -0.624284, 2.989446, 0.027153, 0.99953, 0.014218, 0.752312, 0.0, 0.0, 0.0, 1.0],
                [0.593473, -0.005351, -0.804836, -0.003648, -0.804363, 0.030959, -0.593331, 2.990218, 0.028092, 0.999506, 0.014069, 0.753304, 0.0, 0.0, 0.0, 1.0],
                [0.564966, -0.00479, -0.8251, -0.00297, -0.824608, 0.031738, -0.564813, 2.990836, 0.028893, 0.999485, 0.013981, 0.754099, 0.0, 0.0, 0.0, 1.0],
                [0.539167, -0.004199, -0.842188, -0.002356, -0.84168, 0.032422, -0.539003, 2.991318, 0.029569, 0.999465, 0.013947, 0.754718, 0.0, 0.0, 0.0, 1.0],
                [0.516301, -0.003607, -0.8564, -0.00181, -0.855877, 0.03301, -0.516125, 2.991679, 0.030132, 0.999449, 0.013956, 0.755183, 0.0, 0.0, 0.0, 1.0],
                [0.496556, -0.003042, -0.867999, -0.001336, -0.867466, 0.033504, -0.496368, 2.991939, 0.030591, 0.999434, 0.013998, 0.755516, 0.0, 0.0, 0.0, 1.0],
                [0.480095, -0.002527, -0.877213, -0.000938, -0.87667, 0.033905, -0.479895, 2.992112, 0.030955, 0.999422, 0.014062, 0.75574, 0.0, 0.0, 0.0, 1.0],
                [0.467061, -0.002089, -0.884223, -0.000621, -0.883673, 0.034217, -0.466852, 2.992218, 0.031231, 0.999412, 0.014136, 0.755875, 0.0, 0.0, 0.0, 1.0],
                [0.45759, -0.001748, -0.889162, -0.00039, -0.888608, 0.03444, -0.457373, 2.992272, 0.031422, 0.999405, 0.014206, 0.755945, 0.0, 0.0, 0.0, 1.0],
                [0.451811, -0.001528, -0.892113, -0.000247, -0.891557, 0.034575, -0.451588, 2.992292, 0.031535, 0.999401, 0.014259, 0.75597, 0.0, 0.0, 0.0, 1.0],
                [0.449855, -0.00145, -0.8931, -0.000199, -0.892543, 0.034621, -0.449631, 2.992295, 0.031571, 0.999399, 0.01428, 0.755974, 0.0, 0.0, 0.0, 1.0]
            ]
        },
        {
            "name": "Thigh_R",
            "time": [0.0, 0.0167, 0.0333, 0.05, 0.0667, 0.0833, 0.1, 0.1167, 0.1333, 0.15, 0.1667, 0.1833, 0.2, 0.2167, 0.2333, 0.25, 0.2667, 0.2833, 0.3, 0.3167, 0.3333, 0.35, 0.3667, 0.3833, 0.4, 0.4167, 0.4333, 0.45, 0.4667, 0.4833, 0.5, 0.5167, 0.5333, 0.55, 0.5667, 0.5833, 0.6, 0.6167, 0.6333, 0.65, 0.6667, 0.6833, 0.7, 0.7167, 0.7333, 0.75, 0.7667, 0.7833, 0.8, 0.8167, 0.8333, 0.85, 0.8667, 0.8833, 0.9, 0.9167, 0.9333, 0.95, 0.9667, 0.9833, 1.0, 1.0167, 1.0333, 1.05, 1.0667, 1.0833, 1.1, 1.1167, 1.1333, 1.15, 1.1667, 1.1833, 1.2, 1.2167, 1.2333, 1.25, 1.2667, 1.2833, 1.3, 1.3167, 1.3333, 1.35, 1.3667, 1.3833, 1.4, 1.4167, 1.4333, 1.45, 1.4667, 1.4833, 1.5, 1.5167, 1.5333],
            "transform": [
                [0.988874, 0.114496, 0.094955, 0.124994, 0.052982, -0.867617, 0.4944, -0.00283, 0.138992, -0.483868, -0.864032, -1.2e-05, 0.0, 0.0, 0.0, 1.0],
                [0.995913, 0.088696, 0.016998, 0.124994, 0.061256, -0.801741, 0.594522, -0.002831, 0.06636, -0.591051, -0.803899, -1.2e-05, 0.0, 0.0, 0.0, 1.0],
                [0.99376, 0.027127, -0.108176, 0.124994, 0.099786, -0.649445, 0.753831, -0.002831, -0.049805, -0.759922, -0.648102, -1.2e-05, 0.0, 0.0, 0.0, 1.0],
                [0.985924, -0.001224, -0.167185, 0.124994, 0.145455, -0.486755, 0.861343, -0.002831, -0.082433, -0.873536, -0.479726, -1.2e-05, 0.0, 0.0, 0.0, 1.0],
                [0.985274, 0.011073, -0.170619, 0.124993, 0.162874, -0.364371, 0.9169, -0.002831, -0.052016, -0.931187, -0.360809, -1.2e-05, 0.0, 0.0, 0.0, 1.0],
                [0.986125, 0.047054, -0.15919, 0.124994, 0.165942, -0.304503, 0.937945, -0.002831, -0.00434, -0.951347, -0.308087, -1.2e-05, 0.0, 0.0, 0.0, 1.0],
                [0.985201, 0.089959, -0.145892, 0.124994, 0.167129, -0.31543, 0.934115, -0.002831, 0.038013, -0.944673, -0.325798, -1.2e-05, 0.0, 0.0, 0.0, 1.0],
                [0.981862, 0.132986, -0.135127, 0.124994, 0.175592, -0.369078, 0.91266, -0.002831, 0.071499, -0.919833, -0.385736, -1.2e-05, 0.0, 0.0, 0.0, 1.0],
                [0.974867, 0.173848, -0.139315, 0.124994, 0.202731, -0.433, 0.8783, -0.002831, 0.092367, -0.884469, -0.457363, -1.2e-05, 0.0, 0.0, 0.0, 1.0],
                [0.963756, 0.217542, -0.154424, 0.124993, 0.245902, -0.49991, 0.830434, -0.002831, 0.103456, -0.838309, -0.535288, -1.2e-05, 0.0, 0.0, 0.0, 1.0],
                [0.947904, 0.265454, -0.176099, 0.124993, 0.300446, -0.561276, 0.771168, -0.00283, 0.10587, -0.783901, -0.611792, -1.2e-05, 0.0, 0.0, 0.0, 1.0],
                [0.927127, 0.314787, -0.203329, 0.124994, 0.361044, -0.604945, 0.70971, -0.002831, 0.100404, -0.731402, -0.674514, -1.2e-05, 0.0, 0.0, 0.0, 1.0],
                [0.902078, 0.360482, -0.237287, 0.124994, 0.422779, -0.627725, 0.65362, -0.002831, 0.086667, -0.689936, -0.718663, -1.2e-05, 0.0, 0.0, 0.0, 1.0],
                [0.875229, 0.400749, -0.270875, 0.124994, 0.479183, -0.64192, 0.598599, -0.002831, 0.066008, -0.653709, -0.753861, -1.2e-05, 0.0, 0.0, 0.0, 1.0],
                [0.850644, 0.437505, -0.291533, 0.124994, 0.524002, -0.660493, 0.537744, -0.002831, 0.04271, -0.610193, -0.7911, -1.2e-05, 0.0, 0.0, 0.0, 1.0],
                [0.832903, 0.473119, -0.287105, 0.124993, 0.552913, -0.689258, 0.468196, -0.002831, 0.023623, -0.548706, -0.835681, -1.2e-05, 0.0, 0.0, 0.0, 1.0],
                [0.824898, 0.507338, -0.249298, 0.124993, 0.565083, -0.728461, 0.387328, -0.002831, 0.014902, -0.46038, -0.887597, -1.2e-05, 0.0, 0.0, 0.0, 1.0],
                [0.827443, 0.532453, -0.178411, 0.124994, 0.561309, -0.774966, 0.290442, -0.002831, 0.016384, -0.340467, -0.940113, -1.2e-05, 0.0, 0.0, 0.0, 1.0],
                [0.840352, 0.536049, -0.080355, 0.124994, 0.541429, -0.823103, 0.17133, -0.002831, 0.0257, -0.187484, -0.981931, -1.2e-05, 0.0, 0.0, 0.0, 1.0],
                [0.862083, 0.506279, 0.022176, 0.124994, 0.505413, -0.862154, 0.035298, -0.002831, 0.03699, -0.019221, -0.999131, -1.2e-05, 0.0, 0.0, 0.0, 1.0],
                [0.890474, 0.444508, 0.097295, 0.124993, 0.453201, -0.885541, -0.102094, -0.00283, 0.040777, 0.135006, -0.990006, -1.2e-05, 0.0, 0.0, 0.0, 1.0],
                [0.935351, 0.335204, 0.112939, 0.124994, 0.347393, -0.930653, -0.114891, -0.002831, 0.066595, 0.146698, -0.986937, -1.2e-05, 0.0, 0.0, 0.0, 1.0],
                [0.971223, 0.198006, 0.132351, 0.124994, 0.201645, -0.97935, -0.014539, -0.002831, 0.12674, 0.040808, -0.991096, -1.2e-05, 0.0, 0.0, 0.0, 1.0],
                [0.9756, 0.116589, 0.18604, 0.124993, 0.101201, -0.990767, 0.090201, -0.002831, 0.194839, -0.069173, -0.978393, -1.2e-05, 0.0, 0.0, 0.0, 1.0],
                [0.96818, 0.163696, 0.189284, 0.124994, 0.099612, -0.945967, 0.308579, -0.002831, 0.22957, -0.279905, -0.932175, -1.2e-05, 0.0, 0.0, 0.0, 1.0],
                [0.968191, 0.185347, 0.168078, 0.124994, 0.122604, -0.937019, 0.32705, -0.002831, 0.21811, -0.29604, -0.92994, -1.2e-05, 0.0, 0.0, 0.0, 1.0],
                [0.961346, 0.202858, 0.186171, 0.124994, 0.14773, -0.950609, 0.272975, -0.00283, 0.232351, -0.23492, -0.943835, -1.2e-05, 0.0, 0.0, 0.0, 1.0],
                [0.955688, 0.165679, 0.243327, 0.124994, 0.104822, -0.963931, 0.244637, -0.00283, 0.275082, -0.208291, -0.938587, -1.2e-05, 0.0, 0.0, 0.0, 1.0],
                [0.995447, 0.040163, 0.086423, 0.124993, -0.01417, -0.834396, 0.550982, -0.00283, 0.09424, -0.549698, -0.83003, -1.2e-05, 0.0, 0.0, 0.0, 1.0],
                [0.761924, -0.07107, -0.643754, 0.124994, 0.636828, -0.098858, 0.764641, -0.00283, -0.117984, -0.992558, -0.030063, -1.2e-05, 0.0, 0.0, 0.0, 1.0],
                [0.378858, 0.310989, -0.871638, 0.124994, 0.912836, 0.029423, 0.407263, -0.002831, 0.152301, -0.949957, -0.272735, -1.2e-05, 0.0, 0.0, 0.0, 1.0],
                [0.249988, 0.594878, -0.763954, 0.124993, 0.940536, 0.038221, 0.337533, -0.002831, 0.22999, -0.802905, -0.549951, -1.2e-05, 0.0, 0.0, 0.0, 1.0],
                [0.219257, 0.665567, -0.713404, 0.124994, 0.94126, 0.04817, 0.334227, -0.002831, 0.256816, -0.74478, -0.615912, -1.2e-05, 0.0, 0.0, 0.0, 1.0],
                [0.218788, 0.675462, -0.704188, 0.124993, 0.938314, 0.052396, 0.341789, -0.002831, 0.267762, -0.735529, -0.622334, -1.2e-05, 0.0, 0.0, 0.0, 1.0],
                [0.208475, 0.685947, -0.697147, 0.124993, 0.943916, 0.045495, 0.327034, -0.002831, 0.256044, -0.726226, -0.637993, -1.2e-05, 0.0, 0.0, 0.0, 1.0],
                [0.200975, 0.708212, -0.676789, 0.124993, 0.948106, 0.033137, 0.31622, -0.002831, 0.246377, -0.705219, -0.664802, -1.2e-05, 0.0, 0.0, 0.0, 1.0],
                [0.195713, 0.735007, -0.649199, 0.124993, 0.95155, 0.017767, 0.306978, -0.002831, 0.237166, -0.677825, -0.69592, -1.2e-05, 0.0, 0.0, 0.0, 1.0],
                [0.193576, 0.760528, -0.619776, 0.124994, 0.954345, 0.000514, 0.298704, -0.002831, 0.227491, -0.649302, -0.725709, -1.2e-05, 0.0, 0.0, 0.0, 1.0],
                [0.195726, 0.779927, -0.594477, 0.124994, 0.956416, -0.01786, 0.29146, -0.002831, 0.2167, -0.625613, -0.749432, -1.2e-05, 0.0, 0.0, 0.0, 1.0],
                [0.203181, 0.788986, -0.579842, 0.124994, 0.957638, -0.036703, 0.285623, -0.002831, 0.204071, -0.613312, -0.763022, -1.2e-05, 0.0, 0.0, 0.0, 1.0],
                [0.213317, 0.790619, -0.573948, 0.124994, 0.958058, -0.054215, 0.281396, -0.002831, 0.19136, -0.609901, -0.769026, -1.2e-05, 0.0, 0.0, 0.0, 1.0],
                [0.223089, 0.790545, -0.570323, 0.124993, 0.957861, -0.06919, 0.278772, -0.002831, 0.180921, -0.60848, -0.772669, -1.2e-05, 0.0, 0.0, 0.0, 1.0],
                [0.23279, 0.788887, -0.568738, 0.124993, 0.957062, -0.081959, 0.278051, -0.002831, 0.172737, -0.609046, -0.774095, -1.2e-05, 0.0, 0.0, 0.0, 1.0],
                [0.242736, 0.785744, -0.568932, 0.124994, 0.955645, -0.092845, 0.279501, -0.002831, 0.166794, -0.611541, -0.773431, -1.2e-05, 0.0, 0.0, 0.0, 1.0],
                [0.25327, 0.781188, -0.570612, 0.124993, 0.95355, -0.10216, 0.283379, -0.002831, 0.163079, -0.615878, -0.770778, -1.2e-05, 0.0, 0.0, 0.0, 1.0],
                [0.264762, 0.775277, -0.57345, 0.124993, 0.950681, -0.110212, 0.289928, -0.002831, 0.161573, -0.62193, -0.766222, -1.2e-05, 0.0, 0.0, 0.0, 1.0],
                [0.277601, 0.768062, -0.577076, 0.124994, 0.946897, -0.117307, 0.299372, -0.00283, 0.162241, -0.629537, -0.759842, -1.2e-05, 0.0, 0.0, 0.0, 1.0],
                [0.292197, 0.759592, -0.581067, 0.124994, 0.942011, -0.123753, 0.311928, -0.002831, 0.165029, -0.638515, -0.751706, -1.2e-05, 0.0, 0.0, 0.0, 1.0],
                [0.30897, 0.749925, -0.584934, 0.124994, 0.935782, -0.129874, 0.327785, -0.002831, 0.169846, -0.648646, -0.741896, -1.2e-05, 0.0, 0.0, 0.0, 1.0],
                [0.328346, 0.739128, -0.588113, 0.124994, 0.927909, -0.136023, 0.347104, -0.002831, 0.176557, -0.659686, -0.730507, -1.2e-05, 0.0, 0.0, 0.0, 1.0],
                [0.350742, 0.727281, -0.589948, 0.124993, 0.918022, -0.142597, 0.37, -0.002831, 0.18497, -0.67136, -0.717677, -1.2e-05, 0.0, 0.0, 0.0, 1.0],
                [0.380704, 0.709871, -0.592576, 0.124994, 0.90359, -0.14945, 0.401484, -0.002831, 0.196441, -0.688291, -0.69833, -1.2e-05, 0.0, 0.0, 0.0, 1.0],
                [0.421607, 0.683566, -0.595805, 0.124993, 0.881798, -0.155909, 0.44511, -0.002831, 0.21137, -0.713041, -0.668501, -1.2e-05, 0.0, 0.0, 0.0, 1.0],
                [0.471934, 0.651287, -0.594225, 0.124994, 0.851648, -0.162487, 0.498291, -0.002831, 0.227976, -0.74123, -0.631351, -1.2e-05, 0.0, 0.0, 0.0, 1.0],
                [0.529737, 0.616579, -0.582416, 0.124994, 0.812213, -0.170978, 0.557742, -0.00283, 0.244311, -0.768501, -0.591368, -1.2e-05, 0.0, 0.0, 0.0, 1.0],
                [0.592479, 0.582595, -0.556373, 0.124993, 0.763053, -0.184412, 0.619469, -0.002831, 0.258298, -0.791564, -0.553811, -1.2e-05, 0.0, 0.0, 0.0, 1.0],
                [0.657084, 0.55113, -0.514291, 0.124994, 0.70461, -0.206593, 0.678855, -0.002831, 0.267888, -0.808438, -0.524082, -1.2e-05, 0.0, 0.0, 0.0, 1.0],
                [0.720226, 0.521989, -0.456947, 0.124994, 0.638478, -0.24114, 0.730888, -0.002831, 0.271327, -0.818154, -0.506955, -1.2e-05, 0.0, 0.0, 0.0, 1.0],
                [0.778822, 0.493015, -0.387778, 0.124994, 0.567379, -0.290148, 0.770646, -0.002831, 0.267427, -0.820212, -0.5057, -1.2e-05, 0.0, 0.0, 0.0, 1.0],
                [0.830535, 0.461, -0.312553, 0.124994, 0.494783, -0.35302, 0.794082, -0.00283, 0.255735, -0.814158, -0.521291, -1.2e-05, 0.0, 0.0, 0.0, 1.0],
                [0.874366, 0.423004, -0.237802, 0.124994, 0.424058, -0.427809, 0.798219, -0.002831, 0.235916, -0.798777, -0.553442, -1.2e-05, 0.0, 0.0, 0.0, 1.0],
                [0.91008, 0.378132, -0.169612, 0.124993, 0.357804, -0.510406, 0.78196, -0.002831, 0.209114, -0.772333, -0.599809, -1.2e-05, 0.0, 0.0, 0.0, 1.0],
                [0.937854, 0.328082, -0.113096, 0.124993, 0.298052, -0.594594, 0.746741, -0.00283, 0.177746, -0.734042, -0.655429, -1.2e-05, 0.0, 0.0, 0.0, 1.0],
                [0.95844, 0.276286, -0.071112, 0.124993, 0.246173, -0.674941, 0.695595, -0.002831, 0.144187, -0.684191, -0.714907, -1.2e-05, 0.0, 0.0, 0.0, 1.0],
                [0.972912, 0.22694, -0.044034, 0.124994, 0.202973, -0.747419, 0.632585, -0.00283, 0.110647, -0.624387, -0.773238, -1.2e-05, 0.0, 0.0, 0.0, 1.0],
                [0.982464, 0.184008, -0.030056, 0.124994, 0.16882, -0.809525, 0.562287, -0.002831, 0.079134, -0.557501, -0.826396, -1.2e-05, 0.0, 0.0, 0.0, 1.0],
                [0.988276, 0.150475, -0.025797, 0.124994, 0.143735, -0.860096, 0.489462, -0.002831, 0.051464, -0.487431, -0.871643, -1.2e-05, 0.0, 0.0, 0.0, 1.0],
                [0.991417, 0.127902, -0.027047, 0.124994, 0.127413, -0.899027, 0.418943, -0.002831, 0.029267, -0.418793, -0.90761, -1.2e-05, 0.0, 0.0, 0.0, 1.0],
                [0.992777, 0.116277, -0.029541, 0.124994, 0.119155, -0.92698, 0.35568, -0.002831, 0.013974, -0.35663, -0.934141, -1.2e-05, 0.0, 0.0, 0.0, 1.0],
                [0.993022, 0.114126, -0.029687, 0.124993, 0.117731, -0.945106, 0.304814, -0.00283, 0.00673, -0.306182, -0.951949, -1.2e-05, 0.0, 0.0, 0.0, 1.0],
                [0.992592, 0.118849, -0.025175, 0.124994, 0.121206, -0.954732, 0.271652, -0.00283, 0.00825, -0.27269, -0.962067, -1.2e-05, 0.0, 0.0, 0.0, 1.0],
                [0.991753, 0.127237, -0.015299, 0.124994, 0.126796, -0.956903, 0.26126, -0.002831, 0.018602, -0.261046, -0.965147, -1.2e-05, 0.0, 0.0, 0.0, 1.0],
                [0.990596, 0.136807, 0.00072, 0.124994, 0.131749, -0.95536, 0.264437, -0.002831, 0.036864, -0.261855, -0.964403, -1.2e-05, 0.0, 0.0, 0.0, 1.0],
                [0.988918, 0.146677, 0.02293, 0.124993, 0.135216, -0.953664, 0.268772, -0.002831, 0.06129, -0.262693, -0.962931, -1.2e-05, 0.0, 0.0, 0.0, 1.0],
                [0.986533, 0.155924, 0.049384, 0.124993, 0.136767, -0.952027, 0.273745, -0.002831, 0.089699, -0.263305, -0.960533, -1.2e-05, 0.0, 0.0, 0.0, 1.0],
                [0.983438, 0.163714, 0.077751, 0.124994, 0.136218, -0.95065, 0.278756, -0.00283, 0.11955, -0.263548, -0.957209, -1.2e-05, 0.0, 0.0, 0.0, 1.0],
                [0.979906, 0.169337, 0.105387, 0.124993, 0.133662, -0.949704, 0.283186, -0.002831, 0.148041, -0.26341, -0.953257, -1.2e-05, 0.0, 0.0, 0.0, 1.0],
                [0.976369, 0.172455, 0.130233, 0.124994, 0.129444, -0.949271, 0.286576, -0.00283, 0.173048, -0.262946, -0.949164, -1.2e-05, 0.0, 0.0, 0.0, 1.0],
                [0.973246, 0.173099, 0.151086, 0.124993, 0.124033, -0.949352, 0.288692, -0.002831, 0.193406, -0.262229, -0.945425, -1.2e-05, 0.0, 0.0, 0.0, 1.0],
                [0.970828, 0.171557, 0.167509, 0.124993, 0.117906, -0.949887, 0.289501, -0.002831, 0.208781, -0.261305, -0.942406, -1.2e-05, 0.0, 0.0, 0.0, 1.0],
                [0.96924, 0.168255, 0.179615, 0.124994, 0.111474, -0.950781, 0.289111, -0.00283, 0.219419, -0.260196, -0.940294, -1.2e-05, 0.0, 0.0, 0.0, 1.0],
                [0.968464, 0.163662, 0.187855, 0.124993, 0.105057, -0.951931, 0.287729, -0.002831, 0.225916, -0.25892, -0.939107, -1.2e-05, 0.0, 0.0, 0.0, 1.0],
                [0.968387, 0.15823, 0.192842, 0.124994, 0.098883, -0.953236, 0.285588, -0.002831, 0.229012, -0.25749, -0.93875, -1.2e-05, 0.0, 0.0, 0.0, 1.0],
                [0.968849, 0.152361, 0.19523, 0.124994, 0.093106, -0.954606, 0.282942, -0.002831, 0.229477, -0.255951, -0.939057, -1.2e-05, 0.0, 0.0, 0.0, 1.0],
                [0.969682, 0.146398, 0.195658, 0.124994, 0.087821, -0.95596, 0.280044, -0.002831, 0.228039, -0.254371, -0.939837, -1.2e-05, 0.0, 0.0, 0.0, 1.0],
                [0.970729, 0.140618, 0.194705, 0.124993, 0.083082, -0.957237, 0.277113, -0.002831, 0.225346, -0.252824, -0.940903, -1.2e-05, 0.0, 0.0, 0.0, 1.0],
                [0.971856, 0.135226, 0.192894, 0.124993, 0.078924, -0.958415, 0.274242, -0.00283, 0.221957, -0.2513, -0.942116, -1.2e-05, 0.0, 0.0, 0.0, 1.0],
                [0.972957, 0.130433, 0.190631, 0.124993, 0.075361, -0.959397, 0.271799, -0.002831, 0.218343, -0.250082, -0.943284, -1.2e-05, 0.0, 0.0, 0.0, 1.0],
                [0.97395, 0.126358, 0.18829, 0.124993, 0.072407, -0.960181, 0.269828, -0.002831, 0.214887, -0.249166, -0.94432, -1.2e-05, 0.0, 0.0, 0.0, 1.0],
                [0.974776, 0.123101, 0.186163, 0.124994, 0.070071, -0.960754, 0.268403, -0.002831, 0.211898, -0.248588, -0.945147, -1.2e-05, 0.0, 0.0, 0.0, 1.0],
                [0.975392, 0.120713, 0.184494, 0.124994, 0.068367, -0.961148, 0.267427, -0.00283, 0.209608, -0.248232, -0.945751, -1.2e-05, 0.0, 0.0, 0.0, 1.0],
                [0.97577, 0.119275, 0.183423, 0.124995, 0.067319, -0.961338, 0.267012, -0.00283, 0.208179, -0.248194, -0.946077, -1.2e-05, 0.0, 0.0, 0.0, 1.0],
                [0.975898, 0.118795, 0.183058, 0.124994, 0.06696, -0.961388, 0.266922, -0.002831, 0.207698, -0.248231, -0.946173, -1.2e-05, 0.0, 0.0, 0.0, 1.0]
            ]
        },
        {
            "name": "Leg_R",
            "time": [0.0, 0.0167, 0.0333, 0.05, 0.0667, 0.0833, 0.1, 0.1167, 0.1333, 0.15, 0.1667, 0.1833, 0.2, 0.2167, 0.2333, 0.25, 0.2667, 0.2833, 0.3, 0.3167, 0.3333, 0.35, 0.3667, 0.3833, 0.4, 0.4167, 0.4333, 0.45, 0.4667, 0.4833, 0.5, 0.5167, 0.5333, 0.55, 0.5667, 0.5833, 0.6, 0.6167, 0.6333, 0.65, 0.6667, 0.6833, 0.7, 0.7167, 0.7333, 0.75, 0.7667, 0.7833, 0.8, 0.8167, 0.8333, 0.85, 0.8667, 0.8833, 0.9, 0.9167, 0.9333, 0.95, 0.9667, 0.9833, 1.0, 1.0167, 1.0333, 1.05, 1.0667, 1.0833, 1.1, 1.1167, 1.1333, 1.15, 1.1667, 1.1833, 1.2, 1.2167, 1.2333, 1.25, 1.2667, 1.2833, 1.3, 1.3167, 1.3333, 1.35, 1.3667, 1.3833, 1.4, 1.4167, 1.4333, 1.45, 1.4667, 1.4833, 1.5, 1.5167, 1.5333],
            "transform": [
                [1.000001, -0.0, 1e-06, 0.0, -0.0, 0.787081, 0.616854, 0.374726, -1e-06, -0.616862, 0.787069, 0.0, 0.0, 0.0, 0.0, 1.0],
                [1.000001, -1e-06, 1e-06, -0.0, -0.0, 0.667822, 0.744321, 0.374726, -1e-06, -0.744331, 0.667812, -0.0, 0.0, 0.0, 0.0, 1.0],
                [1.000001, -1e-06, 1e-06, 0.0, -0.0, 0.456959, 0.889484, 0.374726, -1e-06, -0.889496, 0.456952, -0.0, 0.0, 0.0, 0.0, 1.0],
                [1.000001, -1e-06, 1e-06, 0.0, -0.0, 0.324521, 0.945874, 0.374726, -1e-06, -0.945886, 0.324516, 0.0, 0.0, 0.0, 0.0, 1.0],
                [1.000001, -1e-06, 1e-06, 0.0, -0.0, 0.304007, 0.952666, 0.374726, -1e-06, -0.952677, 0.304002, 0.0, 0.0, 0.0, 0.0, 1.0],
                [1.000001, -1e-06, 1e-06, 0.0, -0.0, 0.370422, 0.928859, 0.374726, -1e-06, -0.928871, 0.370416, 0.0, 0.0, 0.0, 0.0, 1.0],
                [1.000001, -1e-06, 1e-06, -0.0, -0.0, 0.498531, 0.866869, 0.374726, -1e-06, -0.86688, 0.498523, 0.0, 0.0, 0.0, 0.0, 1.0],
                [1.0, -1e-06, 1e-06, 0.0, -0.0, 0.64152, 0.767106, 0.374726, -1e-06, -0.767116, 0.64151, -0.0, 0.0, 0.0, 0.0, 1.0],
                [1.000001, -0.0, 1e-06, 0.0, 0.0, 0.760351, 0.649516, 0.374726, -1e-06, -0.649524, 0.760338, 0.0, 0.0, 0.0, 0.0, 1.0],
                [1.000001, -0.0, 1e-06, 0.0, -0.0, 0.850367, 0.526198, 0.374726, -1e-06, -0.526205, 0.850354, -0.0, 0.0, 0.0, 0.0, 1.0],
                [1.000001, -0.0, 1e-06, 0.0, 0.0, 0.909442, 0.415845, 0.374726, -1e-06, -0.415851, 0.909428, 0.0, 0.0, 0.0, 0.0, 1.0],
                [1.000001, -0.0, 1e-06, 0.0, -0.0, 0.936177, 0.351547, 0.374726, -1e-06, -0.351552, 0.936163, -0.0, 0.0, 0.0, 0.0, 1.0],
                [1.000001, -0.0, 1e-06, 0.0, -0.0, 0.935297, 0.353881, 0.374726, -1e-06, -0.353885, 0.935283, 0.0, 0.0, 0.0, 0.0, 1.0],
                [1.0, -0.0, 1e-06, 0.0, 0.0, 0.916072, 0.401027, 0.374726, -1e-06, -0.401032, 0.916059, -0.0, 0.0, 0.0, 0.0, 1.0],
                [1.000001, -0.0, 1e-06, -0.0, 0.0, 0.888293, 0.459289, 0.374726, -1e-06, -0.459294, 0.888279, -0.0, 0.0, 0.0, 0.0, 1.0],
                [1.000001, -0.0, 1e-06, 0.0, 0.0, 0.862039, 0.506851, 0.374726, -1e-06, -0.506858, 0.862026, -0.0, 0.0, 0.0, 0.0, 1.0],
                [1.000001, -0.0, 1e-06, 0.0, -0.0, 0.847675, 0.530524, 0.374726, -1e-06, -0.530531, 0.847662, -0.0, 0.0, 0.0, 0.0, 1.0],
                [1.000001, -0.0, 1e-06, 0.0, -0.0, 0.856872, 0.515539, 0.374726, -1e-06, -0.515545, 0.856858, 0.0, 0.0, 0.0, 0.0, 1.0],
                [1.000001, -0.0, 1e-06, 0.0, -0.0, 0.898263, 0.439471, 0.374726, -1e-06, -0.439477, 0.89825, 0.0, 0.0, 0.0, 0.0, 1.0],
                [1.000001, -0.0, 1e-06, 0.0, -0.0, 0.954155, 0.299337, 0.374726, -1e-06, -0.299341, 0.954141, 0.0, 0.0, 0.0, 0.0, 1.0],
                [1.000001, -0.0, 1e-06, -0.0, 0.0, 0.99359, 0.11312, 0.374726, -1e-06, -0.113122, 0.993574, -0.0, 0.0, 0.0, 0.0, 1.0],
                [1.000001, 0.0, 1e-06, 0.0, 0.0, 0.999997, 0.004685, 0.374726, -1e-06, -0.004685, 0.999982, 0.0, 0.0, 0.0, 0.0, 1.0],
                [1.000001, 0.0, 1e-06, -0.0, 0.0, 0.999997, 0.004692, 0.374726, -1e-06, -0.004693, 0.999982, 0.0, 0.0, 0.0, 0.0, 1.0],
                [1.000001, -0.0, 1e-06, -0.0, 0.0, 0.984613, 0.174793, 0.374726, -1e-06, -0.174795, 0.984598, 0.0, 0.0, 0.0, 0.0, 1.0],
                [1.0, -0.0, 1e-06, -0.0, -0.0, 0.709641, 0.704565, 0.374726, -1e-06, -0.704574, 0.70963, 0.0, 0.0, 0.0, 0.0, 1.0],
                [1.000001, -1e-06, 1e-06, 0.0, -0.0, 0.537886, 0.843015, 0.374726, -1e-06, -0.843026, 0.537878, 0.0, 0.0, 0.0, 0.0, 1.0],
                [1.000001, -1e-06, 1e-06, 0.0, -0.0, 0.421573, 0.906791, 0.374726, -1e-06, -0.906803, 0.421566, -0.0, 0.0, 0.0, 0.0, 1.0],
                [1.000001, -1e-06, 0.0, 0.0, -0.0, 0.167018, 0.985949, 0.374726, -1e-06, -0.985961, 0.167015, 0.0, 0.0, 0.0, 0.0, 1.0],
                [1.0, -1e-06, -0.0, -0.0, -0.0, -0.444982, 0.895536, 0.374726, -1e-06, -0.895547, -0.444975, -0.0, 0.0, 0.0, 0.0, 1.0],
                [1.000001, -1e-06, -0.0, -0.0, -0.0, -0.653559, 0.756876, 0.374726, -1e-06, -0.756885, -0.653549, 0.0, 0.0, 0.0, 0.0, 1.0],
                [1.000001, -1e-06, 0.0, -0.0, -0.0, 0.116993, 0.993127, 0.374726, -1e-06, -0.99314, 0.116991, 0.0, 0.0, 0.0, 0.0, 1.0],
                [1.000001, -1e-06, 1e-06, 0.0, -0.0, 0.451479, 0.892278, 0.374726, -1e-06, -0.89229, 0.451472, 0.0, 0.0, 0.0, 0.0, 1.0],
                [1.000001, -1e-06, 1e-06, -0.0, -0.0, 0.342979, 0.939339, 0.374726, -1e-06, -0.939351, 0.342973, 0.0, 0.0, 0.0, 0.0, 1.0],
                [1.000001, -1e-06, 0.0, -0.0, -0.0, 0.306867, 0.951748, 0.374726, -1e-06, -0.95176, 0.306862, -0.0, 0.0, 0.0, 0.0, 1.0],
                [1.0, -1e-06, 0.0, 0.0, -0.0, 0.292439, 0.95628, 0.374726, -1e-06, -0.956292, 0.292434, -0.0, 0.0, 0.0, 0.0, 1.0],
                [1.000001, -1e-06, 1e-06, 0.0, -0.0, 0.285967, 0.958235, 0.374726, -1e-06, -0.958247, 0.285962, 0.0, 0.0, 0.0, 0.0, 1.0],
                [1.000001, -1e-06, 0.0, 0.0, -0.0, 0.284393, 0.958703, 0.374726, -1e-06, -0.958715, 0.284389, 0.0, 0.0, 0.0, 0.0, 1.0],
                [1.000001, -1e-06, 0.0, 0.0, -0.0, 0.286754, 0.958, 0.374726, -1e-06, -0.958011, 0.286749, -0.0, 0.0, 0.0, 0.0, 1.0],
                [1.000001, -1e-06, 0.0, -0.0, -0.0, 0.292217, 0.956347, 0.374726, -1e-06, -0.956359, 0.292213, -0.0, 0.0, 0.0, 0.0, 1.0],
                [1.000001, -1e-06, 0.0, 0.0, -0.0, 0.299673, 0.954038, 0.374726, -1e-06, -0.954049, 0.299668, 0.0, 0.0, 0.0, 0.0, 1.0],
                [1.0, -1e-06, 0.0, 0.0, -0.0, 0.307684, 0.951484, 0.374726, -1e-06, -0.951496, 0.307679, -0.0, 0.0, 0.0, 0.0, 1.0],
                [1.0, -1e-06, 0.0, -0.0, -0.0, 0.315664, 0.948866, 0.374726, -1e-06, -0.948878, 0.315659, 0.0, 0.0, 0.0, 0.0, 1.0],
                [1.000001, -1e-06, 0.0, -0.0, -0.0, 0.323766, 0.946133, 0.374727, -1e-06, -0.946145, 0.323762, 0.0, 0.0, 0.0, 0.0, 1.0],
                [1.000001, -1e-06, 0.0, 0.0, -0.0, 0.332185, 0.94321, 0.374726, -1e-06, -0.943222, 0.332179, 0.0, 0.0, 0.0, 0.0, 1.0],
                [1.000001, -1e-06, 1e-06, 0.0, -0.0, 0.341116, 0.940017, 0.374726, -1e-06, -0.940029, 0.341111, -0.0, 0.0, 0.0, 0.0, 1.0],
                [1.000001, -1e-06, 1e-06, 0.0, -0.0, 0.350786, 0.936451, 0.374726, -1e-06, -0.936463, 0.35078, 0.0, 0.0, 0.0, 0.0, 1.0],
                [1.000001, -1e-06, 1e-06, -0.0, -0.0, 0.361453, 0.932386, 0.374726, -1e-06, -0.932398, 0.361447, 0.0, 0.0, 0.0, 0.0, 1.0],
                [1.000001, -1e-06, 1e-06, 0.0, -0.0, 0.373404, 0.927665, 0.374726, -1e-06, -0.927677, 0.373398, -0.0, 0.0, 0.0, 0.0, 1.0],
                [1.000001, -1e-06, 0.0, -0.0, -0.0, 0.386969, 0.922089, 0.374726, -1e-06, -0.922101, 0.386963, 0.0, 0.0, 0.0, 0.0, 1.0],
                [1.000001, -1e-06, 0.0, -0.0, -0.0, 0.40253, 0.915403, 0.374726, -1e-06, -0.915415, 0.402524, -0.0, 0.0, 0.0, 0.0, 1.0],
                [1.000001, -1e-06, 1e-06, -0.0, -0.0, 0.420525, 0.907277, 0.374726, -1e-06, -0.907289, 0.420518, -0.0, 0.0, 0.0, 0.0, 1.0],
                [1.0, -1e-06, 1e-06, -0.0, -0.0, 0.421787, 0.906692, 0.374726, -1e-06, -0.906703, 0.42178, -0.0, 0.0, 0.0, 0.0, 1.0],
                [1.0, -1e-06, 1e-06, 0.0, -0.0, 0.391464, 0.920189, 0.374726, -1e-06, -0.920201, 0.391458, -0.0, 0.0, 0.0, 0.0, 1.0],
                [1.000001, -1e-06, 0.0, -0.0, -0.0, 0.337934, 0.941166, 0.374726, -1e-06, -0.941177, 0.337929, -0.0, 0.0, 0.0, 0.0, 1.0],
                [1.000001, -1e-06, 0.0, -0.0, -0.0, 0.270579, 0.962693, 0.374726, -1e-06, -0.962705, 0.270575, -0.0, 0.0, 0.0, 0.0, 1.0],
                [1.0, -1e-06, 0.0, 0.0, -0.0, 0.19888, 0.980019, 0.374726, -1e-06, -0.980031, 0.198877, 0.0, 0.0, 0.0, 0.0, 1.0],
