{
    "animation": [
        {
            "name": "Root",
            "time": [0.0, 0.0111, 0.0222, 0.0333, 0.0444, 0.0556, 0.0667, 0.0778, 0.0889, 0.1, 0.1111, 0.1222, 0.1333, 0.1444, 0.1556, 0.1667, 0.1778, 0.1889, 0.2, 0.2111, 0.2222, 0.2333, 0.2444, 0.2556, 0.2667, 0.2778, 0.2889, 0.3, 0.3111, 0.3222, 0.3333, 0.3444, 0.3556, 0.3667, 0.3778, 0.3889, 0.4, 0.4111, 0.4222, 0.4333, 0.4444, 0.4556, 0.4667, 0.4778, 0.4889, 0.5, 0.5111, 0.5222, 0.5333, 0.5444, 0.5556, 0.5667, 0.5778, 0.5889, 0.6, 0.6111, 0.6222, 0.6333, 0.6444, 0.6556, 0.6667, 0.6778, 0.6889, 0.7, 0.7111, 0.7222, 0.7333, 0.7444, 0.7556, 0.7667, 0.7778, 0.7889, 0.8, 0.8111, 0.8222, 0.8333, 0.8444, 0.8556, 0.8667, 0.8778, 0.8889, 0.9, 0.9111, 0.9222, 0.9333, 0.9444, 0.9556, 0.9667, 0.9778, 0.9889, 1.0, 1.0111, 1.0222, 1.0333, 1.0444, 1.0556, 1.0667, 1.0778, 1.0889, 1.1, 1.1111, 1.1222, 1.1333, 1.1444, 1.1556, 1.1667, 1.1778, 1.1889, 1.2, 1.2111, 1.2222, 1.2333, 1.2444, 1.2556, 1.2667, 1.2778, 1.2889, 1.3, 1.3111, 1.3222, 1.3333, 1.3444, 1.3556, 1.3667, 1.3778, 1.3889, 1.4, 1.4111, 1.4222, 1.4333, 1.4444, 1.4556, 1.4667, 1.4778, 1.4889, 1.5, 1.5111, 1.5222, 1.5333, 1.5444, 1.5556, 1.5667, 1.5778, 1.5889, 1.6, 1.6111, 1.6222, 1.6333, 1.6444, 1.6556, 1.6667, 1.6778, 1.6889, 1.7, 1.7111, 1.7222, 1.7333, 1.7444, 1.7556, 1.7667, 1.7778, 1.7889, 1.8, 1.8111, 1.8222, 1.8333, 1.8444, 1.8556, 1.8667, 1.8778, 1.8889, 2.2222],
            "transform": [
                [0.468113, 0.0, 0.883669, -5e-06, 0.883669, 0.0, -0.468113, 0.045467, 0.0, 1.0, 0.0, 0.595803, 0.0, 0.0, 0.0, 1.0],
                [0.469353, 0.0, 0.883011, -5e-06, 0.883011, 0.0, -0.469353, 0.045789, 0.0, 1.0, 0.0, 0.596157, 0.0, 0.0, 0.0, 1.0],
                [0.47291, 0.0, 0.881111, -5e-06, 0.881111, 0.0, -0.47291, 0.046691, 0.0, 1.0, 0.0, 0.597146, 0.0, 0.0, 0.0, 1.0],
                [0.478544, 0.0, 0.878064, -5e-06, 0.878064, 0.0, -0.478544, 0.04808, 0.0, 1.0, 0.0, 0.598666, 0.0, 0.0, 0.0, 1.0],
                [0.486009, 0.0, 0.873954, -5e-06, 0.873954, 0.0, -0.486009, 0.049863, 0.0, 1.0, 0.0, 0.60061, 0.0, 0.0, 0.0, 1.0],
                [0.495056, 0.0, 0.868861, -5e-06, 0.868861, 0.0, -0.495056, 0.051947, 0.0, 1.0, 0.0, 0.602872, 0.0, 0.0, 0.0, 1.0],
                [0.505434, 0.0, 0.862865, -5e-06, 0.862865, 0.0, -0.505434, 0.054239, 0.0, 1.0, 0.0, 0.605346, 0.0, 0.0, 0.0, 1.0],
                [0.516887, 0.0, 0.856054, -5e-06, 0.856054, 0.0, -0.516887, 0.056645, 0.0, 1.0, 0.0, 0.607927, 0.0, 0.0, 0.0, 1.0],
                [0.529154, 0.0, 0.848526, -5e-06, 0.848526, 0.0, -0.529154, 0.059072, 0.0, 1.0, 0.0, 0.610507, 0.0, 0.0, 0.0, 1.0],
                [0.541975, 0.0, 0.840395, -5e-06, 0.840395, 0.0, -0.541975, 0.061427, 0.0, 1.0, 0.0, 0.612981, 0.0, 0.0, 0.0, 1.0],
                [0.555086, 0.0, 0.831793, -5e-06, 0.831793, 0.0, -0.555086, 0.063616, 0.0, 1.0, 0.0, 0.615243, 0.0, 0.0, 0.0, 1.0],
                [0.568224, 0.0, 0.822874, -5e-06, 0.822874, 0.0, -0.568224, 0.065547, 0.0, 1.0, 0.0, 0.617187, 0.0, 0.0, 0.0, 1.0],
                [0.581132, 0.0, 0.813809, -5e-06, 0.813809, 0.0, -0.581132, 0.067126, 0.0, 1.0, 0.0, 0.618707, 0.0, 0.0, 0.0, 1.0],
                [0.593556, 0.0, 0.804793, -5e-06, 0.804793, 0.0, -0.593556, 0.06826, 0.0, 1.0, 0.0, 0.619696, 0.0, 0.0, 0.0, 1.0],
                [0.605248, 0.0, 0.796037, -5e-06, 0.796037, 0.0, -0.605248, 0.068855, 0.0, 1.0, 0.0, 0.62005, 0.0, 0.0, 0.0, 1.0],
                [0.616018, -0.000336, 0.787732, -5e-06, 0.787732, -5.4e-05, -0.616018, 0.069124, 0.000249, 1.0, 0.000231, 0.618063, 0.0, 0.0, 0.0, 1.0],
                [0.625867, -0.001294, 0.779928, -5e-06, 0.779929, -0.0002, -0.625868, 0.069345, 0.000966, 0.999999, 0.000884, 0.612614, 0.0, 0.0, 0.0, 1.0],
                [0.634846, -0.0028, 0.772633, -5e-06, 0.772635, -0.000417, -0.63485, 0.069521, 0.0021, 0.999996, 0.001898, 0.604474, 0.0, 0.0, 0.0, 1.0],
                [0.643008, -0.004776, 0.765845, -5e-06, 0.765851, -0.000686, -0.643018, 0.069659, 0.003596, 0.999988, 0.003217, 0.59441, 0.0, 0.0, 0.0, 1.0],
                [0.650407, -0.007145, 0.759553, -5e-06, 0.759567, -0.000991, -0.650428, 0.069762, 0.0054, 0.999974, 0.004783, 0.583193, 0.0, 0.0, 0.0, 1.0],
                [0.657099, -0.00983, 0.75374, -5e-06, 0.753767, -0.001318, -0.65714, 0.069836, 0.007454, 0.999951, 0.006543, 0.571591, 0.0, 0.0, 0.0, 1.0],
                [0.663142, -0.012755, 0.748385, -5e-06, 0.74843, -0.001658, -0.663211, 0.069885, 0.009701, 0.999917, 0.008447, 0.560374, 0.0, 0.0, 0.0, 1.0],
                [0.668593, -0.015844, 0.74346, -5e-06, 0.74353, -0.002001, -0.668699, 0.069915, 0.012083, 0.999872, 0.010443, 0.55031, 0.0, 0.0, 0.0, 1.0],
                [0.673508, -0.019025, 0.738935, -5e-06, 0.739037, -0.002338, -0.673661, 0.069931, 0.014544, 0.999816, 0.012485, 0.54217, 0.0, 0.0, 0.0, 1.0],
                [0.677946, -0.022224, 0.734776, -5e-06, 0.734915, -0.002662, -0.678154, 0.069937, 0.017028, 0.999749, 0.014528, 0.536721, 0.0, 0.0, 0.0, 1.0],
                [0.681962, -0.025374, 0.730948, -5e-06, 0.731128, -0.002968, -0.682233, 0.069937, 0.01948, 0.999674, 0.016527, 0.534734, 0.0, 0.0, 0.0, 1.0],
                [0.685657, -0.028416, 0.72737, -5e-06, 0.727596, -0.00325, -0.685998, 0.069939, 0.021857, 0.999591, 0.018447, 0.534741, 0.0, 0.0, 0.0, 1.0],
                [0.689308, -0.031337, 0.72379, -5e-06, 0.724066, -0.003502, -0.689722, 0.069953, 0.024149, 0.999503, 0.020276, 0.534789, 0.0, 0.0, 0.0, 1.0],
                [0.693227, -0.034135, 0.719911, -5e-06, 0.720238, -0.00372, -0.693717, 0.06999, 0.026358, 0.99941, 0.022007, 0.53492, 0.0, 0.0, 0.0, 1.0],
                [0.697715, -0.03681, 0.715429, -5e-06, 0.715809, -0.003893, -0.698286, 0.070061, 0.028489, 0.999315, 0.023632, 0.535175, 0.0, 0.0, 0.0, 1.0],
                [0.703066, -0.039359, 0.710034, -5e-06, 0.710468, -0.004011, -0.703718, 0.070179, 0.030546, 0.999217, 0.025144, 0.535595, 0.0, 0.0, 0.0, 1.0],
                [0.709561, -0.041786, 0.703404, -5e-06, 0.703892, -0.004062, -0.710295, 0.070354, 0.032538, 0.999118, 0.02653, 0.536222, 0.0, 0.0, 0.0, 1.0],
                [0.717468, -0.044089, 0.695195, -5e-06, 0.695738, -0.004032, -0.718284, 0.070599, 0.034472, 0.99902, 0.027781, 0.537097, 0.0, 0.0, 0.0, 1.0],
                [0.727036, -0.046269, 0.685038, -5e-06, 0.685636, -0.003906, -0.727934, 0.070926, 0.036356, 0.998921, 0.028884, 0.538262, 0.0, 0.0, 0.0, 1.0],
                [0.738495, -0.048325, 0.672525, -5e-06, 0.673176, -0.003667, -0.739473, 0.071344, 0.038201, 0.998825, 0.029823, 0.539757, 0.0, 0.0, 0.0, 1.0],
                [0.752039, -0.050255, 0.6572, -5e-06, 0.657903, -0.003296, -0.753096, 0.071867, 0.040013, 0.998731, 0.030584, 0.541624, 0.0, 0.0, 0.0, 1.0],
                [0.767824, -0.052054, 0.638543, -5e-06, 0.639296, -0.002775, -0.768956, 0.072506, 0.041799, 0.99864, 0.031147, 0.543905, 0.0, 0.0, 0.0, 1.0],
                [0.785943, -0.053715, 0.615961, -5e-06, 0.616762, -0.002084, -0.787147, 0.073273, 0.043565, 0.998554, 0.031492, 0.54664, 0.0, 0.0, 0.0, 1.0],
                [0.806409, -0.055225, 0.588774, -5e-06, 0.58962, -0.001201, -0.80768, 0.074178, 0.045311, 0.998473, 0.031593, 0.549872, 0.0, 0.0, 0.0, 1.0],
                [0.829121, -0.056568, 0.5562, -5e-06, 0.557087, -0.000106, -0.830454, 0.075233, 0.047036, 0.998399, 0.031425, 0.553641, 0.0, 0.0, 0.0, 1.0],
                [0.853823, -0.057718, 0.517354, -5e-06, 0.518278, 0.001222, -0.855211, 0.076451, 0.048729, 0.998332, 0.030957, 0.557988, 0.0, 0.0, 0.0, 1.0],
                [0.880049, -0.058643, 0.471247, -5e-06, 0.472203, 0.0028, -0.881485, 0.077843, 0.050373, 0.998275, 0.030155, 0.562956, 0.0, 0.0, 0.0, 1.0],
                [0.907058, -0.059299, 0.416808, -5e-06, 0.417789, 0.004642, -0.908532, 0.07942, 0.05194, 0.998229, 0.028985, 0.568585, 0.0, 0.0, 0.0, 1.0],
                [0.933749, -0.059634, 0.352926, -5e-06, 0.353925, 0.006754, -0.93525, 0.081193, 0.053389, 0.998197, 0.027412, 0.574917, 0.0, 0.0, 0.0, 1.0],
                [0.974248, -0.059629, 0.217453, -5e-06, 0.218318, 0.008329, -0.975842, 0.125904, 0.056377, 0.998186, 0.021132, 0.599675, 0.0, 0.0, 0.0, 1.0],
                [0.998156, -0.059382, -0.012587, -5e-06, -0.012082, 0.00886, -0.999888, 0.224145, 0.059487, 0.998196, 0.008126, 0.640031, 0.0, 0.0, 0.0, 1.0],
                [0.96678, -0.059142, -0.248672, -5e-06, -0.248595, 0.008778, -0.968568, 0.327708, 0.059466, 0.998211, -0.006216, 0.665198, 0.0, 0.0, 0.0, 1.0],
                [0.911721, -0.059034, -0.406546, -5e-06, -0.406779, 0.008552, -0.913487, 0.399386, 0.057403, 0.998219, -0.016216, 0.671014, 0.0, 0.0, 0.0, 1.0],
                [0.862108, -0.059022, -0.503275, -5e-06, -0.503712, 0.0083, -0.863831, 0.445977, 0.055163, 0.998222, -0.022575, 0.674363, 0.0, 0.0, 0.0, 1.0],
                [0.81366, -0.059069, -0.578332, -5e-06, -0.578939, 0.008014, -0.815332, 0.485276, 0.052796, 0.998222, -0.027677, 0.676022, 0.0, 0.0, 0.0, 1.0],
                [0.745569, -0.059157, -0.663798, -5e-06, -0.664603, 0.007678, -0.747158, 0.535083, 0.049297, 0.998219, -0.033592, 0.676769, 0.0, 0.0, 0.0, 1.0],
                [0.625255, -0.0593, -0.778165, -5e-06, -0.779244, 0.007287, -0.626678, 0.613193, 0.042833, 0.998214, -0.041653, 0.67738, 0.0, 0.0, 0.0, 1.0],
                [0.445317, -0.05951, -0.893393, -5e-06, -0.894774, 0.006911, -0.446465, 0.718957, 0.032744, 0.998204, -0.05017, 0.678461, 0.0, 0.0, 0.0, 1.0],
                [0.345752, -0.059634, -0.936429, -5e-06, -0.937938, 0.006754, -0.346739, 0.77793, 0.027002, 0.998197, -0.053597, 0.679929, 0.0, 0.0, 0.0, 1.0],
                [0.345752, -0.059634, -0.936429, -5e-06, -0.937938, 0.006754, -0.346739, 0.7824, 0.027002, 0.998197, -0.053597, 0.681567, 0.0, 0.0, 0.0, 1.0],
                [0.345752, -0.059634, -0.936429, -5e-06, -0.937938, 0.006754, -0.346739, 0.786592, 0.027002, 0.998197, -0.053597, 0.683323, 0.0, 0.0, 0.0, 1.0],
                [0.345752, -0.059634, -0.936429, -5e-06, -0.937938, 0.006754, -0.346739, 0.790512, 0.027002, 0.998197, -0.053597, 0.685187, 0.0, 0.0, 0.0, 1.0],
                [0.345752, -0.059634, -0.936429, -5e-06, -0.937938, 0.006754, -0.346739, 0.794172, 0.027002, 0.998197, -0.053597, 0.687147, 0.0, 0.0, 0.0, 1.0],
                [0.345752, -0.059634, -0.936429, -5e-06, -0.937938, 0.006754, -0.346739, 0.797579, 0.027002, 0.998197, -0.053597, 0.689192, 0.0, 0.0, 0.0, 1.0],
                [0.345752, -0.059634, -0.936429, -5e-06, -0.937938, 0.006754, -0.346739, 0.800743, 0.027002, 0.998197, -0.053597, 0.69131, 0.0, 0.0, 0.0, 1.0],
                [0.345752, -0.059634, -0.936429, -5e-06, -0.937938, 0.006754, -0.346739, 0.803673, 0.027002, 0.998197, -0.053597, 0.693491, 0.0, 0.0, 0.0, 1.0],
                [0.345752, -0.059634, -0.936429, -5e-06, -0.937938, 0.006754, -0.346739, 0.806378, 0.027002, 0.998197, -0.053597, 0.695723, 0.0, 0.0, 0.0, 1.0],
                [0.345752, -0.059634, -0.936429, -5e-06, -0.937938, 0.006754, -0.346739, 0.808866, 0.027002, 0.998197, -0.053597, 0.697996, 0.0, 0.0, 0.0, 1.0],
                [0.345752, -0.059634, -0.936429, -5e-06, -0.937938, 0.006754, -0.346739, 0.811147, 0.027002, 0.998197, -0.053597, 0.700297, 0.0, 0.0, 0.0, 1.0],
                [0.345752, -0.059634, -0.936429, -5e-06, -0.937938, 0.006754, -0.346739, 0.81323, 0.027002, 0.998197, -0.053597, 0.702617, 0.0, 0.0, 0.0, 1.0],
                [0.345752, -0.059634, -0.936429, -5e-06, -0.937938, 0.006754, -0.346739, 0.815123, 0.027002, 0.998197, -0.053597, 0.704943, 0.0, 0.0, 0.0, 1.0],
                [0.345752, -0.059634, -0.936429, -5e-06, -0.937938, 0.006754, -0.346739, 0.816837, 0.027002, 0.998197, -0.053597, 0.707265, 0.0, 0.0, 0.0, 1.0],
                [0.345752, -0.059634, -0.936429, -5e-06, -0.937938, 0.006754, -0.346739, 0.818379, 0.027002, 0.998197, -0.053597, 0.70957, 0.0, 0.0, 0.0, 1.0],
                [0.345752, -0.059634, -0.936429, -5e-06, -0.937938, 0.006754, -0.346739, 0.819759, 0.027002, 0.998197, -0.053597, 0.711849, 0.0, 0.0, 0.0, 1.0],
                [0.345752, -0.059634, -0.936429, -5e-06, -0.937938, 0.006754, -0.346739, 0.820986, 0.027002, 0.998197, -0.053597, 0.71409, 0.0, 0.0, 0.0, 1.0],
                [0.345752, -0.059634, -0.936429, -5e-06, -0.937938, 0.006754, -0.346739, 0.822068, 0.027002, 0.998197, -0.053597, 0.716282, 0.0, 0.0, 0.0, 1.0],
                [0.345752, -0.059634, -0.936429, -5e-06, -0.937938, 0.006754, -0.346739, 0.823016, 0.027002, 0.998197, -0.053597, 0.718414, 0.0, 0.0, 0.0, 1.0],
                [0.345752, -0.059634, -0.936429, -5e-06, -0.937938, 0.006754, -0.346739, 0.823837, 0.027002, 0.998197, -0.053597, 0.720473, 0.0, 0.0, 0.0, 1.0],
                [0.345752, -0.059634, -0.936429, -5e-06, -0.937938, 0.006754, -0.346739, 0.824542, 0.027002, 0.998197, -0.053597, 0.72245, 0.0, 0.0, 0.0, 1.0],
                [0.345752, -0.059634, -0.936429, -5e-06, -0.937938, 0.006754, -0.346739, 0.825138, 0.027002, 0.998197, -0.053597, 0.724333, 0.0, 0.0, 0.0, 1.0],
                [0.345752, -0.059634, -0.936429, -5e-06, -0.937938, 0.006754, -0.346739, 0.825635, 0.027002, 0.998197, -0.053597, 0.726111, 0.0, 0.0, 0.0, 1.0],
                [0.345752, -0.059634, -0.936429, -5e-06, -0.937938, 0.006754, -0.346739, 0.826042, 0.027002, 0.998197, -0.053597, 0.727773, 0.0, 0.0, 0.0, 1.0],
                [0.345752, -0.059634, -0.936429, -5e-06, -0.937938, 0.006754, -0.346739, 0.826368, 0.027002, 0.998197, -0.053597, 0.729307, 0.0, 0.0, 0.0, 1.0],
                [0.345752, -0.059634, -0.936429, -5e-06, -0.937938, 0.006754, -0.346739, 0.826622, 0.027002, 0.998197, -0.053597, 0.730703, 0.0, 0.0, 0.0, 1.0],
                [0.345752, -0.059634, -0.936429, -5e-06, -0.937938, 0.006754, -0.346739, 0.826812, 0.027002, 0.998197, -0.053597, 0.731949, 0.0, 0.0, 0.0, 1.0],
                [0.345752, -0.059634, -0.936429, -5e-06, -0.937938, 0.006754, -0.346739, 0.826949, 0.027002, 0.998197, -0.053597, 0.733034, 0.0, 0.0, 0.0, 1.0],
                [0.345752, -0.059634, -0.936429, -5e-06, -0.937938, 0.006754, -0.346739, 0.82704, 0.027002, 0.998197, -0.053597, 0.733946, 0.0, 0.0, 0.0, 1.0],
                [0.345752, -0.059634, -0.936429, -5e-06, -0.937938, 0.006754, -0.346739, 0.827096, 0.027002, 0.998197, -0.053597, 0.734676, 0.0, 0.0, 0.0, 1.0],
                [0.345752, -0.059634, -0.936429, -5e-06, -0.937938, 0.006754, -0.346739, 0.827125, 0.027002, 0.998197, -0.053597, 0.73521, 0.0, 0.0, 0.0, 1.0],
                [0.345752, -0.059634, -0.936429, -5e-06, -0.937938, 0.006754, -0.346739, 0.827135, 0.027002, 0.998197, -0.053597, 0.735539, 0.0, 0.0, 0.0, 1.0],
                [0.345752, -0.059634, -0.936429, -5e-06, -0.937938, 0.006754, -0.346739, 0.827137, 0.027002, 0.998197, -0.053597, 0.735651, 0.0, 0.0, 0.0, 1.0],
                [0.345752, -0.059634, -0.936429, -5e-06, -0.937938, 0.006754, -0.346739, 0.827137, 0.027002, 0.998197, -0.053597, 0.735651, 0.0, 0.0, 0.0, 1.0],
                [0.345752, -0.059634, -0.936429, -5e-06, -0.937938, 0.006754, -0.346739, 0.827137, 0.027002, 0.998197, -0.053597, 0.735651, 0.0, 0.0, 0.0, 1.0],
                [0.345752, -0.059634, -0.936429, -5e-06, -0.937938, 0.006754, -0.346739, 0.827137, 0.027002, 0.998197, -0.053597, 0.735651, 0.0, 0.0, 0.0, 1.0],
                [0.345752, -0.059634, -0.936429, -5e-06, -0.937938, 0.006754, -0.346739, 0.827137, 0.027002, 0.998197, -0.053597, 0.735651, 0.0, 0.0, 0.0, 1.0],
                [0.345752, -0.059634, -0.936429, -5e-06, -0.937938, 0.006754, -0.346739, 0.827137, 0.027002, 0.998197, -0.053597, 0.735651, 0.0, 0.0, 0.0, 1.0],
                [0.345752, -0.059634, -0.936429, -5e-06, -0.937938, 0.006754, -0.346739, 0.827137, 0.027002, 0.998197, -0.053597, 0.735651, 0.0, 0.0, 0.0, 1.0],
                [0.345752, -0.059634, -0.936429, -5e-06, -0.937938, 0.006754, -0.346739, 0.827137, 0.027002, 0.998197, -0.053597, 0.735651, 0.0, 0.0, 0.0, 1.0],
                [0.345752, -0.059634, -0.936429, -5e-06, -0.937938, 0.006754, -0.346739, 0.827137, 0.027002, 0.998197, -0.053597, 0.735651, 0.0, 0.0, 0.0, 1.0],
                [0.345752, -0.059634, -0.936429, -5e-06, -0.937938, 0.006754, -0.346739, 0.827137, 0.027002, 0.998197, -0.053597, 0.735651, 0.0, 0.0, 0.0, 1.0],
                [0.345752, -0.059634, -0.936429, -5e-06, -0.937938, 0.006754, -0.346739, 0.827137, 0.027002, 0.998197, -0.053597, 0.735651, 0.0, 0.0, 0.0, 1.0],
                [0.345752, -0.059634, -0.936429, -5e-06, -0.937938, 0.006754, -0.346739, 0.827137, 0.027002, 0.998197, -0.053597, 0.735651, 0.0, 0.0, 0.0, 1.0],
                [0.345752, -0.059634, -0.936429, -5e-06, -0.937938, 0.006754, -0.346739, 0.827137, 0.027002, 0.998197, -0.053597, 0.735651, 0.0, 0.0, 0.0, 1.0],
                [0.345752, -0.059634, -0.936429, -5e-06, -0.937938, 0.006754, -0.346739, 0.827137, 0.027002, 0.998197, -0.053597, 0.735651, 0.0, 0.0, 0.0, 1.0],
                [0.345752, -0.059634, -0.936429, -5e-06, -0.937938, 0.006754, -0.346739, 0.827137, 0.027002, 0.998197, -0.053597, 0.735651, 0.0, 0.0, 0.0, 1.0],
                [0.345752, -0.059634, -0.936429, -5e-06, -0.937938, 0.006754, -0.346739, 0.827137, 0.027002, 0.998197, -0.053597, 0.735651, 0.0, 0.0, 0.0, 1.0],
                [0.346982, -0.059404, -0.935989, -5e-06, -0.937477, 0.006994, -0.347978, 0.827137, 0.027217, 0.99821, -0.053263, 0.735651, 0.0, 0.0, 0.0, 1.0],
                [0.350595, -0.058736, -0.934684, -5e-06, -0.936113, 0.00769, -0.351614, 0.827137, 0.02784, 0.998244, -0.052287, 0.735651, 0.0, 0.0, 0.0, 1.0],
                [0.356465, -0.057665, -0.932528, -5e-06, -0.933864, 0.008813, -0.35752, 0.827137, 0.028834, 0.998297, -0.050709, 0.735651, 0.0, 0.0, 0.0, 1.0],
                [0.364464, -0.056228, -0.929518, -5e-06, -0.930729, 0.010334, -0.365564, 0.827137, 0.03016, 0.998365, -0.048566, 0.735651, 0.0, 0.0, 0.0, 1.0],
                [0.374461, -0.054464, -0.925642, -5e-06, -0.926698, 0.012226, -0.375607, 0.827137, 0.031774, 0.998441, -0.045893, 0.735651, 0.0, 0.0, 0.0, 1.0],
                [0.386317, -0.052414, -0.920876, -5e-06, -0.921753, 0.014465, -0.387508, 0.827137, 0.033632, 0.998521, -0.042725, 0.735651, 0.0, 0.0, 0.0, 1.0],
                [0.399891, -0.050119, -0.915191, -5e-06, -0.915868, 0.017026, -0.401119, 0.827137, 0.035686, 0.998598, -0.039094, 0.735651, 0.0, 0.0, 0.0, 1.0],
                [0.41504, -0.047622, -0.908556, -5e-06, -0.909014, 0.019884, -0.416291, 0.827137, 0.03789, 0.998667, -0.035036, 0.735651, 0.0, 0.0, 0.0, 1.0],
                [0.431613, -0.044964, -0.900938, -5e-06, -0.901163, 0.023013, -0.43287, 0.827137, 0.040197, 0.998724, -0.030587, 0.735651, 0.0, 0.0, 0.0, 1.0],
                [0.44946, -0.042186, -0.892304, -5e-06, -0.892286, 0.026387, -0.450698, 0.827137, 0.042559, 0.998761, -0.025782, 0.735651, 0.0, 0.0, 0.0, 1.0],
                [0.468424, -0.03933, -0.882628, -5e-06, -0.882361, 0.029978, -0.469618, 0.827137, 0.04493, 0.998776, -0.020661, 0.735651, 0.0, 0.0, 0.0, 1.0],
                [0.488349, -0.036436, -0.871888, -5e-06, -0.871368, 0.033756, -0.489468, 0.827137, 0.047265, 0.998766, -0.015264, 0.735651, 0.0, 0.0, 0.0, 1.0],
                [0.509075, -0.03354, -0.860068, -5e-06, -0.859296, 0.037689, -0.510088, 0.827137, 0.049523, 0.998726, -0.009635, 0.735651, 0.0, 0.0, 0.0, 1.0],
                [0.530445, -0.030681, -0.847164, -5e-06, -0.846144, 0.041743, -0.531317, 0.827137, 0.051664, 0.998657, -0.003818, 0.735651, 0.0, 0.0, 0.0, 1.0],
                [0.552299, -0.02789, -0.83318, -5e-06, -0.831918, 0.045881, -0.552998, 0.827137, 0.05365, 0.998558, 0.002138, 0.735651, 0.0, 0.0, 0.0, 1.0],
                [0.574481, -0.025199, -0.81813, -5e-06, -0.816638, 0.050067, -0.574975, 0.827137, 0.05545, 0.998428, 0.008184, 0.735651, 0.0, 0.0, 0.0, 1.0],
                [0.596838, -0.022635, -0.802042, -5e-06, -0.800332, 0.054258, -0.597097, 0.827137, 0.057033, 0.99827, 0.014268, 0.735651, 0.0, 0.0, 0.0, 1.0],
                [0.619223, -0.020224, -0.784954, -5e-06, -0.783042, 0.058413, -0.61922, 0.827137, 0.058375, 0.998088, 0.020334, 0.735651, 0.0, 0.0, 0.0, 1.0],
                [0.641494, -0.017986, -0.766917, -5e-06, -0.764821, 0.062487, -0.641206, 0.827137, 0.059455, 0.997884, 0.026329, 0.735651, 0.0, 0.0, 0.0, 1.0],
                [0.663516, -0.015938, -0.747992, -5e-06, -0.745732, 0.066435, -0.662926, 0.827137, 0.060258, 0.997663, 0.032195, 0.735651, 0.0, 0.0, 0.0, 1.0],
                [0.685164, -0.014094, -0.728252, -5e-06, -0.725849, 0.070208, -0.684262, 0.827137, 0.060773, 0.997433, 0.037874, 0.735651, 0.0, 0.0, 0.0, 1.0],
                [0.706323, -0.012463, -0.70778, -5e-06, -0.705257, 0.073761, -0.705104, 0.827137, 0.060994, 0.997198, 0.043309, 0.735651, 0.0, 0.0, 0.0, 1.0],
                [0.726888, -0.011051, -0.686667, -5e-06, -0.684049, 0.077042, -0.725356, 0.827137, 0.060918, 0.996967, 0.048442, 0.735651, 0.0, 0.0, 0.0, 1.0],
                [0.746767, -0.00986, -0.665012, -5e-06, -0.662324, 0.080004, -0.744934, 0.827137, 0.060549, 0.996746, 0.053213, 0.735651, 0.0, 0.0, 0.0, 1.0],
                [0.765879, -0.00889, -0.642923, -5e-06, -0.640189, 0.082595, -0.763764, 0.827137, 0.059892, 0.996544, 0.057567, 0.735651, 0.0, 0.0, 0.0, 1.0],
                [0.784156, -0.008135, -0.62051, -5e-06, -0.617756, 0.084767, -0.781788, 0.827137, 0.058959, 0.996368, 0.061445, 0.735651, 0.0, 0.0, 0.0, 1.0],
                [0.801543, -0.007589, -0.597889, -5e-06, -0.595141, 0.086469, -0.798956, 0.827137, 0.057762, 0.996226, 0.064792, 0.735651, 0.0, 0.0, 0.0, 1.0],
                [0.817996, -0.007242, -0.575178, -5e-06, -0.57246, 0.08765, -0.815234, 0.827137, 0.056318, 0.996125, 0.067552, 0.735651, 0.0, 0.0, 0.0, 1.0],
                [0.833484, -0.007082, -0.552498, -5e-06, -0.549834, 0.088261, -0.830598, 0.827137, 0.054646, 0.996072, 0.06967, 0.735651, 0.0, 0.0, 0.0, 1.0],
                [0.847987, -0.007096, -0.529969, -5e-06, -0.527383, 0.088249, -0.845032, 0.827137, 0.052766, 0.996073, 0.071092, 0.735651, 0.0, 0.0, 0.0, 1.0],
                [0.861559, -0.007214, -0.507606, -5e-06, -0.505115, 0.087765, -0.858578, 0.827129, 0.050744, 0.996115, 0.071971, 0.735745, 0.0, 0.0, 0.0, 1.0],
                [0.874275, -0.007365, -0.485375, -5e-06, -0.482987, 0.087, -0.871294, 0.827107, 0.048645, 0.996181, 0.072505, 0.736017, 0.0, 0.0, 0.0, 1.0],
                [0.88616, -0.007538, -0.463318, -5e-06, -0.461041, 0.085968, -0.883205, 0.827072, 0.046488, 0.996269, 0.072706, 0.736461, 0.0, 0.0, 0.0, 1.0],
                [0.897241, -0.007721, -0.441474, -5e-06, -0.439314, 0.084682, -0.894333, 0.827023, 0.04429, 0.996378, 0.072588, 0.737065, 0.0, 0.0, 0.0, 1.0],
                [0.907544, -0.007903, -0.419882, -5e-06, -0.417845, 0.083157, -0.904705, 0.826963, 0.042066, 0.996505, 0.072167, 0.737821, 0.0, 0.0, 0.0, 1.0],
                [0.917098, -0.008076, -0.398579, -5e-06, -0.396666, 0.081409, -0.914346, 0.826891, 0.039832, 0.996648, 0.071456, 0.738718, 0.0, 0.0, 0.0, 1.0],
                [0.925933, -0.008233, -0.377599, -5e-06, -0.375812, 0.079451, -0.923284, 0.826808, 0.037602, 0.996805, 0.070472, 0.739748, 0.0, 0.0, 0.0, 1.0],
                [0.934077, -0.008365, -0.356974, -5e-06, -0.355314, 0.0773, -0.931545, 0.826715, 0.035386, 0.996973, 0.069232, 0.740902, 0.0, 0.0, 0.0, 1.0],
                [0.941562, -0.008468, -0.336734, -5e-06, -0.3352, 0.074971, -0.939159, 0.826614, 0.033198, 0.99715, 0.067752, 0.742168, 0.0, 0.0, 0.0, 1.0],
                [0.948418, -0.008536, -0.316908, -5e-06, -0.315499, 0.07248, -0.946154, 0.826504, 0.031046, 0.997333, 0.066049, 0.743539, 0.0, 0.0, 0.0, 1.0],
                [0.954676, -0.008566, -0.297523, -5e-06, -0.296236, 0.069843, -0.952558, 0.826386, 0.028939, 0.997521, 0.06414, 0.745005, 0.0, 0.0, 0.0, 1.0],
                [0.960368, -0.008555, -0.278604, -5e-06, -0.277435, 0.067076, -0.9584, 0.826262, 0.026887, 0.997711, 0.062045, 0.746555, 0.0, 0.0, 0.0, 1.0],
                [0.965524, -0.008501, -0.260174, -5e-06, -0.259119, 0.064195, -0.96371, 0.826131, 0.024894, 0.997901, 0.05978, 0.748182, 0.0, 0.0, 0.0, 1.0],
                [0.970176, -0.008403, -0.242254, -5e-06, -0.241309, 0.061217, -0.968516, 0.825996, 0.022968, 0.998089, 0.057363, 0.749875, 0.0, 0.0, 0.0, 1.0],
                [0.974355, -0.008261, -0.224866, -5e-06, -0.224025, 0.058156, -0.972847, 0.825855, 0.021114, 0.998273, 0.054814, 0.751624, 0.0, 0.0, 0.0, 1.0],
                [0.97809, -0.008075, -0.208027, -5e-06, -0.207284, 0.055029, -0.976732, 0.825711, 0.019335, 0.998452, 0.052149, 0.753421, 0.0, 0.0, 0.0, 1.0],
                [0.981411, -0.007847, -0.191755, -5e-06, -0.191104, 0.051852, -0.980199, 0.825564, 0.017634, 0.998624, 0.049388, 0.755255, 0.0, 0.0, 0.0, 1.0],
                [0.984349, -0.007578, -0.176067, -5e-06, -0.175501, 0.04864, -0.983277, 0.825414, 0.016015, 0.998788, 0.046549, 0.757119, 0.0, 0.0, 0.0, 1.0],
                [0.986932, -0.007271, -0.160976, -5e-06, -0.160488, 0.04541, -0.985993, 0.825263, 0.014479, 0.998942, 0.04365, 0.759001, 0.0, 0.0, 0.0, 1.0],
                [0.989187, -0.006928, -0.146497, -5e-06, -0.146081, 0.042177, -0.988373, 0.825112, 0.013027, 0.999086, 0.040709, 0.760892, 0.0, 0.0, 0.0, 1.0],
                [0.991142, -0.006554, -0.132642, -5e-06, -0.132291, 0.038956, -0.990445, 0.82496, 0.011659, 0.999219, 0.037744, 0.762783, 0.0, 0.0, 0.0, 1.0],
                [0.992824, -0.006153, -0.119423, -5e-06, -0.119131, 0.035763, -0.992234, 0.824809, 0.010376, 0.999341, 0.034774, 0.764665, 0.0, 0.0, 0.0, 1.0],
                [0.994258, -0.005728, -0.106852, -5e-06, -0.106611, 0.032613, -0.993766, 0.824659, 0.009177, 0.999452, 0.031815, 0.766529, 0.0, 0.0, 0.0, 1.0],
                [0.995469, -0.005284, -0.094937, -5e-06, -0.094741, 0.029521, -0.995064, 0.824512, 0.008061, 0.99955, 0.028886, 0.768363, 0.0, 0.0, 0.0, 1.0],
                [0.99648, -0.004827, -0.083688, -5e-06, -0.083532, 0.026501, -0.996153, 0.824368, 0.007026, 0.999637, 0.026005, 0.77016, 0.0, 0.0, 0.0, 1.0],
                [0.997314, -0.004362, -0.073115, -5e-06, -0.072993, 0.02357, -0.997054, 0.824228, 0.006072, 0.999713, 0.023188, 0.771909, 0.0, 0.0, 0.0, 1.0],
                [0.997992, -0.003893, -0.063225, -5e-06, -0.063131, 0.020741, -0.99779, 0.824092, 0.005196, 0.999777, 0.020454, 0.773602, 0.0, 0.0, 0.0, 1.0],
                [0.998534, -0.003428, -0.054026, -5e-06, -0.053956, 0.01803, -0.998381, 0.823961, 0.004396, 0.999832, 0.017818, 0.775229, 0.0, 0.0, 0.0, 1.0],
                [0.998959, -0.00297, -0.045525, -5e-06, -0.045474, 0.01545, -0.998846, 0.823837, 0.00367, 0.999876, 0.015299, 0.776779, 0.0, 0.0, 0.0, 1.0],
                [0.999285, -0.002527, -0.03773, -5e-06, -0.037694, 0.013018, -0.999205, 0.823719, 0.003016, 0.999912, 0.012913, 0.778245, 0.0, 0.0, 0.0, 1.0],
                [0.999528, -0.002103, -0.030647, -5e-06, -0.030623, 0.010746, -0.999473, 0.823609, 0.002431, 0.99994, 0.010677, 0.779616, 0.0, 0.0, 0.0, 1.0],
                [0.999704, -0.001704, -0.024283, -5e-06, -0.024267, 0.008651, -0.999668, 0.823508, 0.001913, 0.999961, 0.008607, 0.780882, 0.0, 0.0, 0.0, 1.0],
                [0.999825, -0.001335, -0.018643, -5e-06, -0.018634, 0.006747, -0.999804, 0.823415, 0.001461, 0.999976, 0.00672, 0.782036, 0.0, 0.0, 0.0, 1.0],
                [0.999905, -0.001002, -0.013735, -5e-06, -0.01373, 0.005047, -0.999893, 0.823332, 0.001072, 0.999987, 0.005033, 0.783066, 0.0, 0.0, 0.0, 1.0],
                [0.999954, -0.00071, -0.009565, -5e-06, -0.009563, 0.003568, -0.999948, 0.82326, 0.000744, 0.999993, 0.003561, 0.783963, 0.0, 0.0, 0.0, 1.0],
                [0.999981, -0.000463, -0.006139, -5e-06, -0.006138, 0.002324, -0.999978, 0.8232, 0.000477, 0.999997, 0.002322, 0.784719, 0.0, 0.0, 0.0, 1.0],
                [0.999994, -0.000264, -0.003463, -5e-06, -0.003462, 0.00133, -0.999993, 0.823151, 0.000269, 0.999999, 0.001329, 0.785323, 0.0, 0.0, 0.0, 1.0],
                [0.999999, -0.000119, -0.001543, -5e-06, -0.001543, 0.000602, -0.999999, 0.823116, 0.00012, 1.0, 0.000601, 0.785766, 0.0, 0.0, 0.0, 1.0],
                [1.0, -3e-05, -0.000387, -5e-06, -0.000387, 0.000153, -1.0, 0.823094, 3e-05, 1.0, 0.000153, 0.786039, 0.0, 0.0, 0.0, 1.0],
                [1.0, 0.0, 0.0, -5e-06, 0.0, 0.0, -1.0, 0.823086, 0.0, 1.0, 0.0, 0.786133, 0.0, 0.0, 0.0, 1.0],
                [1.0, 0.0, 0.0, -5e-06, 0.0, 0.0, -1.0, 0.823086, 0.0, 1.0, 0.0, 0.786133, 0.0, 0.0, 0.0, 1.0]
            ]
        },
        {
            "name": "Thigh_R",
            "time": [0.0, 0.0111, 0.0222, 0.0333, 0.0444, 0.0556, 0.0667, 0.0778, 0.0889, 0.1, 0.1111, 0.1222, 0.1333, 0.1444, 0.1556, 0.1667, 0.1778, 0.1889, 0.2, 0.2111, 0.2222, 0.2333, 0.2444, 0.2556, 0.2667, 0.2778, 0.2889, 0.3, 0.3111, 0.3222, 0.3333, 0.3444, 0.3556, 0.3667, 0.3778, 0.3889, 0.4, 0.4111, 0.4222, 0.4333, 0.4444, 0.4556, 0.4667, 0.4778, 0.4889, 0.5, 0.5111, 0.5222, 0.5333, 0.5444, 0.5556, 0.5667, 0.5778, 0.5889, 0.6, 0.6111, 0.6222, 0.6333, 0.6444, 0.6556, 0.6667, 0.6778, 0.6889, 0.7, 0.7111, 0.7222, 0.7333, 0.7444, 0.7556, 0.7667, 0.7778, 0.7889, 0.8, 0.8111, 0.8222, 0.8333, 0.8444, 0.8556, 0.8667, 0.8778, 0.8889, 0.9, 0.9111, 0.9222, 0.9333, 0.9444, 0.9556, 0.9667, 0.9778, 0.9889, 1.0, 1.0111, 1.0222, 1.0333, 1.0444, 1.0556, 1.0667, 1.0778, 1.0889, 1.1, 1.1111, 1.1222, 1.1333, 1.1444, 1.1556, 1.1667, 1.1778, 1.1889, 1.2, 1.2111, 1.2222, 1.2333, 1.2444, 1.2556, 1.2667, 1.2778, 1.2889, 1.3, 1.3111, 1.3222, 1.3333, 1.3444, 1.3556, 1.3667, 1.3778, 1.3889, 1.4, 1.4111, 1.4222, 1.4333, 1.4444, 1.4556, 1.4667, 1.4778, 1.4889, 1.5, 1.5111, 1.5222, 1.5333, 1.5444, 1.5556, 1.5667, 1.5778, 1.5889, 1.6, 1.6111, 1.6222, 1.6333, 1.6444, 1.6556, 1.6667, 1.6778, 1.6889, 1.7, 1.7111, 1.7222, 1.7333, 1.7444, 1.7556, 1.7667, 1.7778, 1.7889, 1.8, 1.8111, 1.8222, 1.8333, 1.8444, 1.8556, 1.8667, 1.8778, 1.8889, 2.2222],
            "transform": [
                [0.643313, 0.678883, 0.353929, 0.102992, 0.554279, -0.731886, 0.396381, 0.049142, 0.528132, -0.058821, -0.847122, -0.057476, 0.0, 0.0, 0.0, 1.0],
                [0.643853, 0.678627, 0.353438, 0.103358, 0.552864, -0.731945, 0.398244, 0.049142, 0.528956, -0.061007, -0.846453, -0.057115, 0.0, 0.0, 0.0, 1.0],
                [0.645385, 0.677929, 0.351979, 0.1044, 0.548826, -0.732038, 0.40362, 0.049141, 0.531288, -0.067315, -0.844512, -0.056097, 0.0, 0.0, 0.0, 1.0],
                [0.647747, 0.676757, 0.349891, 0.106037, 0.542482, -0.73217, 0.411874, 0.049141, 0.534918, -0.076981, -0.84139, -0.054521, 0.0, 0.0, 0.0, 1.0],
                [0.650784, 0.675146, 0.347357, 0.108185, 0.534115, -0.732239, 0.422548, 0.04914, 0.539631, -0.089459, -0.837135, -0.052482, 0.0, 0.0, 0.0, 1.0],
                [0.654336, 0.673105, 0.344634, 0.110763, 0.52401, -0.73218, 0.435116, 0.049139, 0.545213, -0.10412, -0.831806, -0.050078, 0.0, 0.0, 0.0, 1.0],
                [0.658244, 0.67065, 0.34197, 0.113689, 0.512455, -0.731947, 0.449046, 0.049138, 0.551457, -0.120337, -0.825478, -0.047407, 0.0, 0.0, 0.0, 1.0],
                [0.662369, 0.667881, 0.339415, 0.116879, 0.499728, -0.731413, 0.464011, 0.049137, 0.558157, -0.137732, -0.818224, -0.044566, 0.0, 0.0, 0.0, 1.0],
                [0.66656, 0.664833, 0.337187, 0.120252, 0.486145, -0.730589, 0.479481, 0.049137, 0.56512, -0.155681, -0.810186, -0.041653, 0.0, 0.0, 0.0, 1.0],
                [0.670696, 0.661644, 0.335252, 0.123725, 0.472017, -0.72938, 0.495181, 0.049136, 0.572159, -0.173871, -0.8015, -0.038764, 0.0, 0.0, 0.0, 1.0],
                [0.674666, 0.658461, 0.333548, 0.127216, 0.457679, -0.727714, 0.510844, 0.049137, 0.579098, -0.191992, -0.792328, -0.035997, 0.0, 0.0, 0.0, 1.0],
                [0.678375, 0.655441, 0.331971, 0.130643, 0.443483, -0.725532, 0.526238, 0.049137, 0.585773, -0.209763, -0.78286, -0.033449, 0.0, 0.0, 0.0, 1.0],
                [0.681753, 0.652814, 0.330223, 0.133923, 0.42979, -0.722668, 0.541323, 0.049138, 0.592025, -0.227122, -0.773254, -0.031218, 0.0, 0.0, 0.0, 1.0],
                [0.684724, 0.650737, 0.328167, 0.136973, 0.417006, -0.719109, 0.555867, 0.04914, 0.597712, -0.243768, -0.763752, -0.0294, 0.0, 0.0, 0.0, 1.0],
                [0.687244, 0.649443, 0.325452, 0.139713, 0.405532, -0.714706, 0.569859, 0.049142, 0.602693, -0.259651, -0.754547, -0.028094, 0.0, 0.0, 0.0, 1.0],
                [0.690615, 0.650407, 0.316262, 0.142078, 0.396352, -0.706153, 0.58673, 0.049145, 0.604943, -0.279853, -0.74547, -0.027166, 0.0, 0.0, 0.0, 1.0],
                [0.695936, 0.653858, 0.296889, 0.144085, 0.390029, -0.691309, 0.60825, 0.049147, 0.602951, -0.307508, -0.736131, -0.026406, 0.0, 0.0, 0.0, 1.0],
                [0.702776, 0.6581, 0.270204, 0.14577, 0.386366, -0.671993, 0.631781, 0.049149, 0.59735, -0.339603, -0.726528, -0.025798, 0.0, 0.0, 0.0, 1.0],
                [0.710667, 0.661783, 0.238739, 0.147169, 0.385087, -0.649907, 0.655231, 0.049151, 0.588779, -0.373716, -0.716711, -0.025324, 0.0, 0.0, 0.0, 1.0],
                [0.719137, 0.663986, 0.204849, 0.148317, 0.385825, -0.626737, 0.677008, 0.049152, 0.577911, -0.407826, -0.706892, -0.024967, 0.0, 0.0, 0.0, 1.0],
                [0.72778, 0.664271, 0.170528, 0.149251, 0.388078, -0.603906, 0.696198, 0.049154, 0.565447, -0.440501, -0.6973, -0.024712, 0.0, 0.0, 0.0, 1.0],
                [0.736253, 0.662536, 0.137759, 0.150007, 0.391242, -0.582856, 0.712186, 0.049154, 0.552143, -0.470451, -0.688342, -0.024541, 0.0, 0.0, 0.0, 1.0],
                [0.744317, 0.658986, 0.108303, 0.150619, 0.394597, -0.564806, 0.724767, 0.049156, 0.538781, -0.49672, -0.680429, -0.024437, 0.0, 0.0, 0.0, 1.0],
                [0.751845, 0.653984, 0.083868, 0.151124, 0.397337, -0.55091, 0.733909, 0.049157, 0.526168, -0.518462, -0.674051, -0.024384, 0.0, 0.0, 0.0, 1.0],
                [0.758785, 0.647962, 0.066256, 0.151559, 0.398628, -0.542423, 0.739508, 0.049157, 0.515112, -0.534717, -0.669879, -0.024364, 0.0, 0.0, 0.0, 1.0],
                [0.765164, 0.641299, 0.0571, 0.151958, 0.397648, -0.540471, 0.741463, 0.049158, 0.50636, -0.544635, -0.66856, -0.024362, 0.0, 0.0, 0.0, 1.0],
                [0.771084, 0.634536, 0.05286, 0.152351, 0.395317, -0.542155, 0.741479, 0.049159, 0.499154, -0.550846, -0.66889, -0.02436, 0.0, 0.0, 0.0, 1.0],
                [0.7767, 0.627971, 0.048879, 0.152742, 0.392932, -0.543718, 0.741602, 0.04916, 0.492282, -0.556796, -0.669056, -0.024348, 0.0, 0.0, 0.0, 1.0],
                [0.782133, 0.621472, 0.045157, 0.153129, 0.390287, -0.545097, 0.741986, 0.049161, 0.48574, -0.562708, -0.668892, -0.024316, 0.0, 0.0, 0.0, 1.0],
                [0.787497, 0.614905, 0.041709, 0.153509, 0.387176, -0.546232, 0.742783, 0.049162, 0.479524, -0.56879, -0.668232, -0.024253, 0.0, 0.0, 0.0, 1.0],
                [0.792899, 0.608131, 0.038573, 0.15388, 0.383382, -0.547064, 0.744137, 0.049162, 0.473634, -0.575237, -0.666913, -0.02415, 0.0, 0.0, 0.0, 1.0],
                [0.798432, 0.60102, 0.035803, 0.154239, 0.378694, -0.547532, 0.74619, 0.049162, 0.468078, -0.582223, -0.664769, -0.023996, 0.0, 0.0, 0.0, 1.0],
                [0.804191, 0.593426, 0.033496, 0.154583, 0.372873, -0.547587, 0.749076, 0.049162, 0.462864, -0.58991, -0.661637, -0.023781, 0.0, 0.0, 0.0, 1.0],
                [0.810261, 0.585206, 0.031792, 0.154911, 0.36566, -0.547187, 0.752913, 0.049162, 0.458005, -0.598431, -0.657351, -0.023495, 0.0, 0.0, 0.0, 1.0],
                [0.816714, 0.576215, 0.030887, 0.155219, 0.356774, -0.546303, 0.757803, 0.049162, 0.453531, -0.607889, -0.651752, -0.023128, 0.0, 0.0, 0.0, 1.0],
                [0.82362, 0.566291, 0.03106, 0.155505, 0.345874, -0.544937, 0.763816, 0.049161, 0.449468, -0.618351, -0.644686, -0.02267, 0.0, 0.0, 0.0, 1.0],
                [0.831021, 0.555276, 0.032748, 0.155767, 0.332577, -0.543199, 0.770926, 0.04916, 0.445865, -0.629765, -0.636082, -0.02211, 0.0, 0.0, 0.0, 1.0],
                [0.838962, 0.542977, 0.036324, 0.156002, 0.316404, -0.54101, 0.779228, 0.049159, 0.442754, -0.642249, -0.625687, -0.021438, 0.0, 0.0, 0.0, 1.0],
                [0.847425, 0.529207, 0.042542, 0.156208, 0.296808, -0.538668, 0.788506, 0.049157, 0.440199, -0.655574, -0.613553, -0.020645, 0.0, 0.0, 0.0, 1.0],
                [0.856359, 0.513732, 0.052227, 0.156382, 0.273117, -0.536447, 0.798518, 0.049155, 0.438242, -0.669554, -0.599701, -0.019719, 0.0, 0.0, 0.0, 1.0],
                [0.865625, 0.496266, 0.066433, 0.156521, 0.244544, -0.534823, 0.808802, 0.049153, 0.436911, -0.683874, -0.584316, -0.018652, 0.0, 0.0, 0.0, 1.0],
                [0.874959, 0.476422, 0.086423, 0.156624, 0.210191, -0.534515, 0.818604, 0.04915, 0.436196, -0.698079, -0.567818, -0.017432, 0.0, 0.0, 0.0, 1.0],
                [0.883909, 0.453633, 0.113675, 0.156687, 0.16909, -0.536634, 0.8267, 0.049146, 0.43602, -0.711506, -0.551041, -0.01605, 0.0, 0.0, 0.0, 1.0],
                [0.891785, 0.427007, 0.149617, 0.156709, 0.120291, -0.542525, 0.831382, 0.049142, 0.436177, -0.723416, -0.535181, -0.014495, 0.0, 0.0, 0.0, 1.0],
                [0.906731, 0.357596, 0.223527, 0.156503, 0.030624, -0.584484, 0.810827, 0.045693, 0.420596, -0.728356, -0.540921, -0.005937, 0.0, 0.0, 0.0, 1.0],
                [0.926246, 0.244457, 0.286894, 0.156036, -0.056017, -0.663424, 0.746143, 0.03792, 0.372733, -0.707183, -0.600801, 0.011199, 0.0, 0.0, 0.0, 1.0],
                [0.947216, 0.161743, 0.276804, 0.155539, -0.083265, -0.709664, 0.699602, 0.029668, 0.309594, -0.685723, -0.658738, 0.029039, 0.0, 0.0, 0.0, 1.0],
                [0.96299, 0.12937, 0.23646, 0.155188, -0.074773, -0.714628, 0.695496, 0.02391, 0.258957, -0.687437, -0.678506, 0.04151, 0.0, 0.0, 0.0, 1.0],
                [0.972912, 0.115831, 0.200062, 0.154954, -0.057271, -0.717669, 0.694025, 0.020127, 0.223969, -0.686683, -0.691595, 0.049743, 0.0, 0.0, 0.0, 1.0],
                [0.98048, 0.109824, 0.163085, 0.154755, -0.035232, -0.717894, 0.695259, 0.016929, 0.193434, -0.687434, -0.700012, 0.05667, 0.0, 0.0, 0.0, 1.0],
                [0.988009, 0.108914, 0.109431, 0.154511, 0.001568, -0.715825, 0.698278, 0.012926, 0.154386, -0.689733, -0.707413, 0.065223, 0.0, 0.0, 0.0, 1.0],
                [0.992765, 0.119316, 0.013416, 0.15414, 0.076252, -0.712843, 0.697165, 0.006725, 0.092747, -0.691098, -0.716785, 0.078332, 0.0, 0.0, 0.0, 1.0],
                [0.979305, 0.155269, -0.129814, 0.153647, 0.202076, -0.714632, 0.669676, -0.001606, 0.01121, -0.68205, -0.731219, 0.095829, 0.0, 0.0, 0.0, 1.0],
                [0.959723, 0.190533, -0.206467, 0.153385, 0.279416, -0.723945, 0.630737, -0.006171, -0.029295, -0.663023, -0.748025, 0.105144, 0.0, 0.0, 0.0, 1.0],
                [0.95803, 0.196837, -0.208409, 0.153424, 0.285138, -0.729335, 0.621905, -0.006394, -0.029586, -0.655229, -0.754851, 0.105037, 0.0, 0.0, 0.0, 1.0],
                [0.956482, 0.202847, -0.209752, 0.153538, 0.290266, -0.734875, 0.612947, -0.006603, -0.029807, -0.647157, -0.761774, 0.104727, 0.0, 0.0, 0.0, 1.0],
                [0.955079, 0.208564, -0.210537, 0.153723, 0.294833, -0.740539, 0.603883, -0.006797, -0.029962, -0.638829, -0.768765, 0.104226, 0.0, 0.0, 0.0, 1.0],
                [0.953816, 0.214016, -0.210786, 0.153973, 0.298882, -0.746353, 0.594665, -0.006979, -0.030053, -0.630202, -0.77585, 0.10355, 0.0, 0.0, 0.0, 1.0],
                [0.952696, 0.21914, -0.210587, 0.154283, 0.302429, -0.752169, 0.585472, -0.007146, -0.030097, -0.621465, -0.782864, 0.102711, 0.0, 0.0, 0.0, 1.0],
                [0.95171, 0.223988, -0.209945, 0.154647, 0.305519, -0.758061, 0.576195, -0.007302, -0.03009, -0.612513, -0.789888, 0.101723, 0.0, 0.0, 0.0, 1.0],
                [0.950853, 0.228556, -0.208904, 0.155062, 0.308182, -0.763989, 0.566872, -0.007445, -0.030038, -0.603393, -0.796878, 0.100599, 0.0, 0.0, 0.0, 1.0],
                [0.950118, 0.232846, -0.207504, 0.155522, 0.310449, -0.769928, 0.557523, -0.007577, -0.029946, -0.594132, -0.80381, 0.099353, 0.0, 0.0, 0.0, 1.0],
                [0.949499, 0.236864, -0.205782, 0.156022, 0.312349, -0.775859, 0.548161, -0.007698, -0.029819, -0.584754, -0.810662, 0.097998, 0.0, 0.0, 0.0, 1.0],
