{
    "animation": [
        {
            "name": "Root",
            "time": [0.0, 0.0111, 0.0222, 0.0333, 0.0444, 0.0556, 0.0667, 0.0778, 0.0889, 0.1, 0.1111, 0.1222, 0.1333, 0.1444, 0.1556, 0.1667, 0.1778, 0.1889, 0.2, 0.2111, 0.2222, 0.2333, 0.2444, 0.2556, 0.2667, 0.2778, 0.2889, 0.3, 0.3111, 0.3222, 0.3333, 0.3444, 0.3556, 0.3667, 0.3778, 0.3889, 0.4, 0.4111, 0.4222, 0.4333, 0.4444, 0.4556, 0.4667, 0.4778, 0.4889, 0.5, 0.5111, 0.5222, 0.5333, 0.5444, 0.5556, 0.5667, 0.5778, 0.5889, 0.6, 0.6111, 0.6222, 0.6333, 0.6444, 0.6556, 0.6667, 0.6778, 0.6889, 0.7, 0.7111, 0.7222, 0.7333, 0.7444, 0.7556, 0.7667, 0.7778, 0.7889, 0.8, 0.8111, 0.8222, 0.8333, 0.8444, 0.8556, 0.8667, 0.8778, 0.8889, 0.9, 0.9111, 0.9222, 0.9333, 0.9444, 0.9556, 0.9667, 0.9778, 0.9889, 1.0, 1.0111, 1.0222, 1.0333, 1.0444, 1.0556, 1.0667, 1.0778, 1.0889, 1.1, 1.1111, 1.1222, 1.1333, 1.1444, 1.1556, 1.1667, 1.1778, 1.1889, 1.2, 1.2111, 1.2222, 1.2333, 1.2444, 1.2556, 1.2667, 1.2778, 1.2889, 1.3, 1.3111, 1.3222, 1.3333, 1.3444, 1.3556, 1.3667, 1.3778, 1.3889, 1.4, 1.4111, 1.4222, 1.4333, 1.4444, 1.4556, 1.4667, 1.4778, 1.4889, 1.5, 1.5111, 1.5222, 1.5333, 1.5444, 1.5556, 1.5667, 1.5778, 1.5889, 1.6, 1.6111, 1.6222, 1.6333, 1.6444, 1.6556, 1.6667, 1.6778, 1.6889, 1.7, 1.7111, 1.7222, 1.7333, 1.7444, 1.7556, 1.7667, 1.7778, 1.7889, 1.8, 1.8111, 1.8222, 1.8333, 1.8444, 1.8556, 1.8667, 1.8778, 1.8889, 1.9, 1.9111, 1.9222, 1.9333, 1.9444, 1.9556, 1.9667, 1.9778, 1.9889, 2.0, 2.0111, 2.0222, 2.0333, 2.0444, 2.0556, 2.0667, 2.0778, 2.0889, 2.1, 2.1111, 2.1222, 2.1333, 2.1444, 2.1556, 2.1667, 2.1778, 2.1889, 2.2, 2.2111, 2.2222, 2.2333, 2.2444, 2.2556, 2.2667, 2.2778, 2.2889, 2.3, 2.3111, 2.3222, 2.3333, 2.3444, 2.3556, 2.3667, 2.3778, 2.3889],
            "transform": [
                [0.345752, -0.059634, -0.936429, -5e-06, -0.937938, 0.006754, -0.346739, -0.001505, 0.027002, 0.998197, -0.053597, 0.735651, 0.0, 0.0, 0.0, 1.0],
                [0.344382, -0.059663, -0.936932, -0.000994, -0.938441, 0.006848, -0.345373, -0.001505, 0.027022, 0.998195, -0.053631, 0.733599, 0.0, 0.0, 0.0, 1.0],
                [0.340182, -0.05972, -0.938461, -0.003855, -0.939969, 0.007151, -0.341184, -0.001505, 0.027087, 0.99819, -0.053702, 0.727972, 0.0, 0.0, 0.0, 1.0],
                [0.333014, -0.059758, -0.941026, -0.00843, -0.942529, 0.007693, -0.334034, -0.001505, 0.0272, 0.998183, -0.053762, 0.719564, 0.0, 0.0, 0.0, 1.0],
                [0.322735, -0.059729, -0.944603, -0.014561, -0.946093, 0.008501, -0.323782, -0.001505, 0.02737, 0.998178, -0.053766, 0.70917, 0.0, 0.0, 0.0, 1.0],
                [0.309196, -0.05958, -0.94913, -0.02209, -0.950598, 0.009604, -0.310277, -0.001505, 0.027601, 0.998177, -0.053667, 0.697585, 0.0, 0.0, 0.0, 1.0],
                [0.292232, -0.059255, -0.95451, -0.030859, -0.95594, 0.011024, -0.293355, -0.001505, 0.027905, 0.998182, -0.053423, 0.685602, 0.0, 0.0, 0.0, 1.0],
                [0.271659, -0.058695, -0.960602, -0.040709, -0.961977, 0.012784, -0.272829, -0.001505, 0.028294, 0.998194, -0.05299, 0.674016, 0.0, 0.0, 0.0, 1.0],
                [0.247272, -0.057835, -0.967218, -0.051481, -0.968518, 0.014901, -0.248495, -0.001505, 0.028785, 0.998215, -0.05233, 0.663623, 0.0, 0.0, 0.0, 1.0],
                [0.218842, -0.056604, -0.974117, -0.063019, -0.975317, 0.017389, -0.220122, -0.001505, 0.029399, 0.998245, -0.051402, 0.655215, 0.0, 0.0, 0.0, 1.0],
                [0.186115, -0.054923, -0.980992, -0.075163, -0.982065, 0.020254, -0.187453, -0.001505, 0.030165, 0.998285, -0.050168, 0.649588, 0.0, 0.0, 0.0, 1.0],
                [0.148816, -0.052703, -0.98746, -0.087755, -0.988375, 0.023496, -0.150208, -0.001505, 0.031118, 0.998334, -0.048594, 0.647535, 0.0, 0.0, 0.0, 1.0],
                [0.101948, -0.049182, -0.993573, -0.100651, -0.994278, 0.026994, -0.103356, 0.00883, 0.031903, 0.998425, -0.046149, 0.648066, 0.0, 0.0, 0.0, 1.0],
                [0.041308, -0.043692, -0.998191, -0.113754, -0.998625, 0.030468, -0.04266, 0.038216, 0.032276, 0.99858, -0.042373, 0.649581, 0.0, 0.0, 0.0, 1.0],
                [-0.032106, -0.036284, -0.998826, -0.126984, -0.998957, 0.033625, 0.030889, 0.084222, 0.032465, 0.998776, -0.037325, 0.651968, 0.0, 0.0, 0.0, 1.0],
                [-0.116903, -0.027046, -0.992775, -0.140258, -0.992604, 0.03611, 0.1159, 0.144417, 0.032715, 0.998982, -0.031067, 0.655113, 0.0, 0.0, 0.0, 1.0],
                [-0.211002, -0.01615, -0.977352, -0.153494, -0.976919, 0.037529, 0.210288, 0.21637, 0.033283, 0.999165, -0.023696, 0.658903, 0.0, 0.0, 0.0, 1.0],
                [-0.311444, -0.00389, -0.950256, -0.166611, -0.949641, 0.037491, 0.311089, 0.297653, 0.034416, 0.999289, -0.015371, 0.663225, 0.0, 0.0, 0.0, 1.0],
                [-0.414399, 0.009301, -0.910048, -0.179526, -0.90937, 0.03567, 0.414455, 0.385833, 0.036316, 0.99932, -0.006324, 0.667965, 0.0, 0.0, 0.0, 1.0],
                [-0.515421, 0.022863, -0.856632, -0.192158, -0.856045, 0.031877, 0.515918, 0.47848, 0.039103, 0.99923, 0.003142, 0.67301, 0.0, 0.0, 0.0, 1.0],
                [-0.609969, 0.036167, -0.7916, -0.204425, -0.791271, 0.026123, 0.610908, 0.573164, 0.042774, 0.999004, 0.012684, 0.678247, 0.0, 0.0, 0.0, 1.0],
                [-0.694075, 0.048594, -0.718261, -0.216244, -0.718355, 0.018651, 0.695427, 0.667454, 0.04719, 0.998644, 0.021963, 0.683563, 0.0, 0.0, 0.0, 1.0],
                [-0.764956, 0.059629, -0.641317, -0.227534, -0.641974, 0.009916, 0.766662, 0.758919, 0.052074, 0.998171, 0.030696, 0.688843, 0.0, 0.0, 0.0, 1.0],
                [-0.821345, 0.068932, -0.566251, -0.238213, -0.567571, 0.000526, 0.823324, 0.84513, 0.057051, 0.997621, 0.038692, 0.693975, 0.0, 0.0, 0.0, 1.0],
                [-0.863816, 0.07641, -0.497978, -0.24821, -0.500009, -0.008892, 0.865974, 0.924149, 0.061741, 0.997037, 0.045887, 0.698863, 0.0, 0.0, 0.0, 1.0],
                [-0.895141, 0.082309, -0.438119, -0.257499, -0.440871, -0.01795, 0.897391, 0.996011, 0.065999, 0.996445, 0.052356, 0.703476, 0.0, 0.0, 0.0, 1.0],
                [-0.918126, 0.086938, -0.386634, -0.266065, -0.390093, -0.026437, 0.920396, 1.061247, 0.069796, 0.995863, 0.058186, 0.707804, 0.0, 0.0, 0.0, 1.0],
                [-0.935041, 0.090576, -0.342775, -0.273894, -0.346911, -0.034245, 0.937273, 1.120386, 0.073156, 0.995301, 0.063442, 0.711834, 0.0, 0.0, 0.0, 1.0],
                [-0.947637, 0.093458, -0.305367, -0.280971, -0.310139, -0.041343, 0.949792, 1.173956, 0.076141, 0.994765, 0.068163, 0.715555, 0.0, 0.0, 0.0, 1.0],
                [-0.957235, 0.095774, -0.272998, -0.287281, -0.278361, -0.047744, 0.959289, 1.222486, 0.078841, 0.994257, 0.072362, 0.718953, 0.0, 0.0, 0.0, 1.0],
                [-0.96481, 0.097674, -0.244134, -0.29281, -0.250042, -0.053494, 0.966756, 1.266508, 0.081367, 0.99378, 0.076034, 0.722017, 0.0, 0.0, 0.0, 1.0],
                [-0.971068, 0.099269, -0.217189, -0.297542, -0.223598, -0.058654, 0.972915, 1.306549, 0.083842, 0.99333, 0.079153, 0.724735, 0.0, 0.0, 0.0, 1.0],
                [-0.976504, 0.100646, -0.190552, -0.301463, -0.197421, -0.063296, 0.978273, 1.343139, 0.086398, 0.992907, 0.081678, 0.727095, 0.0, 0.0, 0.0, 1.0],
                [-0.981466, 0.101868, -0.162319, -0.304576, -0.169613, -0.067517, 0.983195, 1.3769, 0.089196, 0.992504, 0.083544, 0.729089, 0.0, 0.0, 0.0, 1.0],
                [-0.98622, 0.102981, -0.129477, -0.306956, -0.137172, -0.071499, 0.987963, 1.408826, 0.092484, 0.99211, 0.08464, 0.73073, 0.0, 0.0, 0.0, 1.0],
                [-0.990613, 0.103998, -0.08871, -0.308696, -0.096795, -0.075445, 0.992441, 1.440003, 0.096519, 0.991712, 0.084804, 0.732034, 0.0, 0.0, 0.0, 1.0],
                [-0.993806, 0.10489, -0.036699, -0.309887, -0.04517, -0.07956, 0.995806, 1.471519, 0.101531, 0.991296, 0.083805, 0.733019, 0.0, 0.0, 0.0, 1.0],
                [-0.993966, 0.105576, 0.029764, -0.310624, 0.020905, -0.084044, 0.996243, 1.504459, 0.10768, 0.990853, 0.08133, 0.733702, 0.0, 0.0, 0.0, 1.0],
                [-0.98788, 0.105905, 0.113475, -0.310998, 0.104233, -0.089077, 0.990556, 1.53991, 0.115013, 0.990378, 0.076959, 0.734099, 0.0, 0.0, 0.0, 1.0],
                [-0.970616, 0.105646, 0.216205, -0.311102, 0.206602, -0.094792, 0.973823, 1.57896, 0.123376, 0.989875, 0.07018, 0.734227, 0.0, 0.0, 0.0, 1.0],
                [-0.936078, 0.105303, 0.335662, -0.311102, 0.326053, -0.098557, 0.9402, 1.622226, 0.132088, 0.989544, 0.057923, 0.733413, 0.0, 0.0, 0.0, 1.0],
                [-0.883207, 0.105528, 0.456955, -0.311102, 0.447908, -0.098995, 0.888582, 1.668451, 0.139006, 0.989477, 0.040166, 0.731565, 0.0, 0.0, 0.0, 1.0],
                [-0.819278, 0.105979, 0.563518, -0.311102, 0.555356, -0.097921, 0.825828, 1.715909, 0.1427, 0.989535, 0.021368, 0.729577, 0.0, 0.0, 0.0, 1.0],
                [-0.754963, 0.106091, 0.647129, -0.311102, 0.639884, -0.096698, 0.762363, 1.76395, 0.143456, 0.989644, 0.005117, 0.727854, 0.0, 0.0, 0.0, 1.0],
                [-0.688702, 0.105902, 0.717268, -0.311102, 0.710928, -0.095622, 0.696733, 1.81623, 0.142372, 0.989768, -0.009434, 0.72485, 0.0, 0.0, 0.0, 1.0],
                [-0.611278, 0.105646, 0.784333, -0.311102, 0.778965, -0.094792, 0.619862, 1.877481, 0.139835, 0.989875, -0.02435, 0.718531, 0.0, 0.0, 0.0, 1.0],
                [-0.512298, 0.105508, 0.852303, -0.301454, 0.848068, -0.09431, 0.521427, 1.950758, 0.135395, 0.989936, -0.041163, 0.707453, 0.0, 0.0, 0.0, 1.0],
                [-0.391831, 0.105462, 0.913973, -0.276422, 0.911041, -0.094102, 0.401433, 2.032417, 0.128343, 0.989961, -0.059208, 0.692537, 0.0, 0.0, 0.0, 1.0],
                [-0.2562, 0.105451, 0.960855, -0.241869, 0.959343, -0.094037, 0.266117, 2.117137, 0.118418, 0.989968, -0.077071, 0.675295, 0.0, 0.0, 0.0, 1.0],
                [-0.115185, 0.105446, 0.987732, -0.203137, 0.987667, -0.094002, 0.125213, 2.19995, 0.106052, 0.989972, -0.093318, 0.657169, 0.0, 0.0, 0.0, 1.0],
                [0.020581, 0.105442, 0.994212, -0.163472, 0.995516, -0.093997, -0.010639, 2.277295, 0.092332, 0.989973, -0.106904, 0.639308, 0.0, 0.0, 0.0, 1.0],
                [0.141551, 0.105427, 0.984301, -0.125593, 0.9868, -0.094051, -0.131836, 2.34596, 0.078676, 0.989969, -0.117348, 0.622792, 0.0, 0.0, 0.0, 1.0],
                [0.240178, 0.105416, 0.964988, -0.092606, 0.968443, -0.094205, -0.230746, 2.402249, 0.066583, 0.989956, -0.124715, 0.608826, 0.0, 0.0, 0.0, 1.0],
                [0.31011, 0.105469, 0.944832, -0.069139, 0.948959, -0.094462, -0.30092, 2.440519, 0.057513, 0.989926, -0.129379, 0.599109, 0.0, 0.0, 0.0, 1.0],
                [0.346219, 0.105647, 0.932186, -0.060203, 0.93667, -0.094792, -0.337141, 2.454637, 0.052746, 0.989875, -0.131775, 0.595465, 0.0, 0.0, 0.0, 1.0],
                [0.363414, 0.105904, 0.925589, -0.060203, 0.930256, -0.095147, -0.35436, 2.454637, 0.050539, 0.989814, -0.133096, 0.595471, 0.0, 0.0, 0.0, 1.0],
                [0.379999, 0.106148, 0.918876, -0.060203, 0.923721, -0.095497, -0.370971, 2.454637, 0.048372, 0.989754, -0.13434, 0.595489, 0.0, 0.0, 0.0, 1.0],
                [0.395982, 0.106378, 0.912076, -0.060203, 0.917093, -0.09584, -0.386982, 2.454637, 0.046247, 0.989696, -0.13551, 0.595521, 0.0, 0.0, 0.0, 1.0],
                [0.411372, 0.106596, 0.905213, -0.060203, 0.910397, -0.096176, -0.402402, 2.454637, 0.044165, 0.98964, -0.136609, 0.595565, 0.0, 0.0, 0.0, 1.0],
                [0.426178, 0.106801, 0.898313, -0.060203, 0.903658, -0.096505, -0.41724, 2.454637, 0.04213, 0.989586, -0.13764, 0.595623, 0.0, 0.0, 0.0, 1.0],
                [0.440412, 0.106995, 0.891397, -0.060203, 0.896898, -0.096826, -0.431508, 2.454637, 0.040141, 0.989534, -0.138607, 0.595693, 0.0, 0.0, 0.0, 1.0],
                [0.454086, 0.107176, 0.884488, -0.060203, 0.890139, -0.097139, -0.445216, 2.454637, 0.038202, 0.989483, -0.139511, 0.595778, 0.0, 0.0, 0.0, 1.0],
                [0.467211, 0.107347, 0.877605, -0.060203, 0.8834, -0.097443, -0.458377, 2.454637, 0.036311, 0.989435, -0.140357, 0.595876, 0.0, 0.0, 0.0, 1.0],
                [0.4798, 0.107507, 0.870767, -0.060203, 0.876701, -0.097739, -0.471003, 2.454637, 0.034472, 0.989388, -0.141147, 0.595988, 0.0, 0.0, 0.0, 1.0],
                [0.491867, 0.107657, 0.863989, -0.060203, 0.870057, -0.098025, -0.483107, 2.454637, 0.032683, 0.989344, -0.141883, 0.596115, 0.0, 0.0, 0.0, 1.0],
                [0.503424, 0.107797, 0.857289, -0.060203, 0.863485, -0.098302, -0.494702, 2.454637, 0.030946, 0.989301, -0.142568, 0.596256, 0.0, 0.0, 0.0, 1.0],
                [0.514485, 0.107927, 0.85068, -0.060203, 0.857, -0.098569, -0.505802, 2.454637, 0.029261, 0.98926, -0.143206, 0.596411, 0.0, 0.0, 0.0, 1.0],
                [0.525065, 0.108049, 0.844176, -0.060203, 0.850614, -0.098826, -0.51642, 2.454637, 0.027628, 0.989221, -0.143797, 0.596582, 0.0, 0.0, 0.0, 1.0],
                [0.535176, 0.108161, 0.837787, -0.060203, 0.844339, -0.099072, -0.52657, 2.454637, 0.026047, 0.989184, -0.144346, 0.596767, 0.0, 0.0, 0.0, 1.0],
                [0.544833, 0.108266, 0.831526, -0.060203, 0.838186, -0.099308, -0.536267, 2.454637, 0.024518, 0.989149, -0.144853, 0.596968, 0.0, 0.0, 0.0, 1.0],
                [0.554049, 0.108362, 0.825402, -0.060203, 0.832165, -0.099534, -0.545522, 2.454637, 0.023042, 0.989116, -0.145322, 0.597185, 0.0, 0.0, 0.0, 1.0],
                [0.562838, 0.108451, 0.819422, -0.060203, 0.826284, -0.099749, -0.55435, 2.454637, 0.021616, 0.989085, -0.145753, 0.597417, 0.0, 0.0, 0.0, 1.0],
                [0.571214, 0.108532, 0.813594, -0.060203, 0.820552, -0.099952, -0.562765, 2.454637, 0.020243, 0.989055, -0.14615, 0.597665, 0.0, 0.0, 0.0, 1.0],
                [0.57919, 0.108606, 0.807926, -0.060203, 0.814973, -0.100145, -0.57078, 2.454637, 0.018919, 0.989028, -0.146514, 0.597929, 0.0, 0.0, 0.0, 1.0],
                [0.586779, 0.108674, 0.802422, -0.060203, 0.809555, -0.100327, -0.578407, 2.454637, 0.017647, 0.989002, -0.146847, 0.59821, 0.0, 0.0, 0.0, 1.0],
                [0.593994, 0.108735, 0.797087, -0.060203, 0.804302, -0.100497, -0.585661, 2.454637, 0.016423, 0.988978, -0.147151, 0.598508, 0.0, 0.0, 0.0, 1.0],
                [0.600848, 0.10879, 0.791926, -0.060203, 0.799218, -0.100657, -0.592553, 2.454637, 0.015249, 0.988955, -0.147426, 0.598822, 0.0, 0.0, 0.0, 1.0],
                [0.607354, 0.108839, 0.786941, -0.060203, 0.794306, -0.100805, -0.599096, 2.454637, 0.014122, 0.988935, -0.147676, 0.599153, 0.0, 0.0, 0.0, 1.0],
                [0.613523, 0.108882, 0.782134, -0.060203, 0.789569, -0.100941, -0.605303, 2.454637, 0.013043, 0.988916, -0.1479, 0.599502, 0.0, 0.0, 0.0, 1.0],
                [0.619368, 0.10892, 0.777509, -0.060203, 0.785009, -0.101066, -0.611184, 2.454637, 0.01201, 0.988899, -0.1481, 0.599868, 0.0, 0.0, 0.0, 1.0],
                [0.6249, 0.108952, 0.773065, -0.060203, 0.780627, -0.10118, -0.616753, 2.454637, 0.011022, 0.988884, -0.148278, 0.600252, 0.0, 0.0, 0.0, 1.0],
                [0.63013, 0.108979, 0.768804, -0.060203, 0.776424, -0.101282, -0.622019, 2.454637, 0.010079, 0.988871, -0.148435, 0.600654, 0.0, 0.0, 0.0, 1.0],
                [0.635071, 0.109002, 0.764725, -0.060203, 0.772399, -0.101373, -0.626995, 2.454637, 0.009179, 0.988859, -0.148572, 0.601074, 0.0, 0.0, 0.0, 1.0],
                [0.639731, 0.109019, 0.760828, -0.060203, 0.768554, -0.101452, -0.631691, 2.454637, 0.008322, 0.988849, -0.148689, 0.601512, 0.0, 0.0, 0.0, 1.0],
                [0.644123, 0.109031, 0.757111, -0.060203, 0.764885, -0.10152, -0.636117, 2.454637, 0.007506, 0.988841, -0.148788, 0.601969, 0.0, 0.0, 0.0, 1.0],
                [0.648256, 0.109039, 0.753574, -0.060203, 0.761393, -0.101577, -0.640284, 2.454637, 0.00673, 0.988834, -0.148869, 0.602445, 0.0, 0.0, 0.0, 1.0],
                [0.65214, 0.109043, 0.750216, -0.060203, 0.758075, -0.101622, -0.644201, 2.454637, 0.005993, 0.988829, -0.148934, 0.60294, 0.0, 0.0, 0.0, 1.0],
                [0.655784, 0.109042, 0.747032, -0.060203, 0.75493, -0.101656, -0.647879, 2.454637, 0.005294, 0.988826, -0.148983, 0.603454, 0.0, 0.0, 0.0, 1.0],
                [0.659199, 0.109036, 0.744021, -0.060203, 0.751954, -0.101678, -0.651327, 2.454637, 0.004632, 0.988824, -0.149016, 0.603988, 0.0, 0.0, 0.0, 1.0],
                [0.662393, 0.109027, 0.74118, -0.060203, 0.749146, -0.101689, -0.654554, 2.454637, 0.004006, 0.988824, -0.149035, 0.604541, 0.0, 0.0, 0.0, 1.0],
                [0.665376, 0.109013, 0.738506, -0.060203, 0.746501, -0.101688, -0.657568, 2.454637, 0.003414, 0.988825, -0.14904, 0.605114, 0.0, 0.0, 0.0, 1.0],
                [0.668155, 0.108995, 0.735995, -0.060203, 0.744017, -0.101677, -0.660379, 2.454637, 0.002855, 0.988828, -0.14903, 0.605707, 0.0, 0.0, 0.0, 1.0],
                [0.670739, 0.108974, 0.733644, -0.060203, 0.741689, -0.101654, -0.662996, 2.454637, 0.002329, 0.988833, -0.149008, 0.606321, 0.0, 0.0, 0.0, 1.0],
                [0.673137, 0.108948, 0.731448, -0.060203, 0.739515, -0.10162, -0.665425, 2.454637, 0.001833, 0.98884, -0.148973, 0.606955, 0.0, 0.0, 0.0, 1.0],
                [0.675357, 0.108918, 0.729404, -0.060203, 0.73749, -0.101574, -0.667677, 2.454637, 0.001367, 0.988848, -0.148925, 0.60761, 0.0, 0.0, 0.0, 1.0],
                [0.677407, 0.108884, 0.727506, -0.060203, 0.735608, -0.101518, -0.669757, 2.454637, 0.000929, 0.988857, -0.148865, 0.608286, 0.0, 0.0, 0.0, 1.0],
                [0.679293, 0.108847, 0.72575, -0.060203, 0.733867, -0.10145, -0.671675, 2.454637, 0.000518, 0.988868, -0.148793, 0.608984, 0.0, 0.0, 0.0, 1.0],
                [0.681024, 0.108805, 0.724132, -0.060203, 0.732261, -0.101372, -0.673437, 2.454637, 0.000133, 0.988881, -0.14871, 0.609702, 0.0, 0.0, 0.0, 1.0],
                [0.682607, 0.108759, 0.722647, -0.060203, 0.730786, -0.101282, -0.675051, 2.454637, -0.000227, 0.988895, -0.148616, 0.610442, 0.0, 0.0, 0.0, 1.0],
                [0.68405, 0.10871, 0.721289, -0.060203, 0.729435, -0.101182, -0.676525, 2.454637, -0.000564, 0.988911, -0.14851, 0.611205, 0.0, 0.0, 0.0, 1.0],
                [0.685359, 0.108656, 0.720054, -0.060203, 0.728205, -0.10107, -0.677866, 2.454637, -0.000878, 0.988928, -0.148394, 0.611989, 0.0, 0.0, 0.0, 1.0],
                [0.686541, 0.108599, 0.718935, -0.060203, 0.72709, -0.100948, -0.679079, 2.454637, -0.001172, 0.988947, -0.148266, 0.612795, 0.0, 0.0, 0.0, 1.0],
                [0.687603, 0.108538, 0.717929, -0.060203, 0.726085, -0.100815, -0.680174, 2.454637, -0.001446, 0.988967, -0.148128, 0.613625, 0.0, 0.0, 0.0, 1.0],
                [0.688552, 0.108472, 0.717028, -0.060203, 0.725185, -0.100671, -0.681155, 2.454637, -0.001702, 0.988989, -0.14798, 0.614476, 0.0, 0.0, 0.0, 1.0],
                [0.689395, 0.108403, 0.716228, -0.060203, 0.724383, -0.100517, -0.682031, 2.454637, -0.001941, 0.989012, -0.147821, 0.615351, 0.0, 0.0, 0.0, 1.0],
                [0.690139, 0.10833, 0.715523, -0.060203, 0.723674, -0.100352, -0.682807, 2.454637, -0.002164, 0.989037, -0.147652, 0.616249, 0.0, 0.0, 0.0, 1.0],
                [0.690789, 0.108252, 0.714907, -0.060203, 0.723053, -0.100176, -0.683491, 2.454637, -0.002373, 0.989063, -0.147473, 0.617171, 0.0, 0.0, 0.0, 1.0],
                [0.691352, 0.108171, 0.714375, -0.060203, 0.722514, -0.09999, -0.684088, 2.454637, -0.002568, 0.989091, -0.147283, 0.618115, 0.0, 0.0, 0.0, 1.0],
                [0.691835, 0.108085, 0.71392, -0.060203, 0.722051, -0.099793, -0.684605, 2.454637, -0.002751, 0.98912, -0.147083, 0.619084, 0.0, 0.0, 0.0, 1.0],
                [0.692244, 0.107995, 0.713537, -0.060203, 0.721658, -0.099586, -0.68505, 2.454637, -0.002924, 0.989151, -0.146874, 0.620077, 0.0, 0.0, 0.0, 1.0],
                [0.692585, 0.107901, 0.71322, -0.060203, 0.72133, -0.099369, -0.685427, 2.454637, -0.003087, 0.989183, -0.146654, 0.621094, 0.0, 0.0, 0.0, 1.0],
                [0.692865, 0.107803, 0.712963, -0.060203, 0.72106, -0.099141, -0.685743, 2.454637, -0.003242, 0.989217, -0.146424, 0.622136, 0.0, 0.0, 0.0, 1.0],
                [0.69309, 0.107701, 0.71276, -0.060203, 0.720843, -0.098903, -0.686005, 2.454637, -0.00339, 0.989252, -0.146184, 0.623202, 0.0, 0.0, 0.0, 1.0],
                [0.693266, 0.107595, 0.712605, -0.060203, 0.720674, -0.098654, -0.686219, 2.454637, -0.003532, 0.989288, -0.145934, 0.624294, 0.0, 0.0, 0.0, 1.0],
                [0.693399, 0.107484, 0.712492, -0.060203, 0.720545, -0.098396, -0.686392, 2.454637, -0.00367, 0.989326, -0.145675, 0.62541, 0.0, 0.0, 0.0, 1.0],
                [0.693495, 0.107369, 0.712416, -0.060203, 0.720451, -0.098128, -0.686528, 2.454637, -0.003804, 0.989365, -0.145405, 0.626552, 0.0, 0.0, 0.0, 1.0],
                [0.693562, 0.107249, 0.712369, -0.060203, 0.720386, -0.097849, -0.686636, 2.454637, -0.003937, 0.989405, -0.145125, 0.627719, 0.0, 0.0, 0.0, 1.0],
                [0.693604, 0.107126, 0.712346, -0.060203, 0.720345, -0.09756, -0.686721, 2.454637, -0.004069, 0.989447, -0.144836, 0.628912, 0.0, 0.0, 0.0, 1.0],
                [0.693629, 0.106998, 0.712342, -0.060203, 0.720321, -0.097262, -0.686788, 2.454637, -0.004201, 0.989491, -0.144536, 0.630131, 0.0, 0.0, 0.0, 1.0],
                [0.693641, 0.106866, 0.712349, -0.060203, 0.720308, -0.096953, -0.686846, 2.454637, -0.004336, 0.989535, -0.144227, 0.631377, 0.0, 0.0, 0.0, 1.0],
                [0.693648, 0.106729, 0.712363, -0.060203, 0.7203, -0.096635, -0.686899, 2.454637, -0.004473, 0.989581, -0.143908, 0.632649, 0.0, 0.0, 0.0, 1.0],
                [0.693654, 0.106541, 0.712385, -0.060203, 0.720293, -0.096269, -0.686957, 2.454637, -0.004608, 0.989637, -0.143518, 0.633947, 0.0, 0.0, 0.0, 1.0],
                [0.693659, 0.106255, 0.712423, -0.060203, 0.720288, -0.095821, -0.687025, 2.454637, -0.004735, 0.989711, -0.143002, 0.635272, 0.0, 0.0, 0.0, 1.0],
                [0.693663, 0.105876, 0.712476, -0.060203, 0.720283, -0.095294, -0.687104, 2.454637, -0.004853, 0.989803, -0.142362, 0.636623, 0.0, 0.0, 0.0, 1.0],
                [0.693667, 0.105405, 0.712542, -0.060203, 0.720279, -0.094689, -0.687191, 2.454637, -0.004964, 0.989911, -0.141603, 0.637999, 0.0, 0.0, 0.0, 1.0],
                [0.693669, 0.104846, 0.712622, -0.060203, 0.720276, -0.094009, -0.687288, 2.454637, -0.005066, 0.990035, -0.140729, 0.639401, 0.0, 0.0, 0.0, 1.0],
                [0.693671, 0.104201, 0.712715, -0.060203, 0.720273, -0.093258, -0.687393, 2.454637, -0.005161, 0.990174, -0.139744, 0.640827, 0.0, 0.0, 0.0, 1.0],
                [0.693672, 0.103474, 0.71282, -0.060203, 0.720271, -0.092438, -0.687506, 2.454637, -0.005247, 0.990327, -0.138651, 0.642278, 0.0, 0.0, 0.0, 1.0],
                [0.693673, 0.102667, 0.712936, -0.060203, 0.72027, -0.091551, -0.687626, 2.454637, -0.005327, 0.990494, -0.137455, 0.643753, 0.0, 0.0, 0.0, 1.0],
                [0.693673, 0.101784, 0.713062, -0.060203, 0.72027, -0.0906, -0.687752, 2.454637, -0.005399, 0.990672, -0.136159, 0.645252, 0.0, 0.0, 0.0, 1.0],
                [0.693673, 0.100827, 0.713198, -0.060203, 0.72027, -0.089588, -0.687885, 2.454637, -0.005464, 0.990862, -0.134767, 0.646775, 0.0, 0.0, 0.0, 1.0],
                [0.693672, 0.099799, 0.713344, -0.060203, 0.72027, -0.088517, -0.688023, 2.454637, -0.005521, 0.991062, -0.133284, 0.648321, 0.0, 0.0, 0.0, 1.0],
                [0.693671, 0.098704, 0.713497, -0.060203, 0.720271, -0.08739, -0.688167, 2.454637, -0.005572, 0.991272, -0.131714, 0.649889, 0.0, 0.0, 0.0, 1.0],
                [0.693669, 0.097544, 0.713658, -0.060203, 0.720272, -0.08621, -0.688314, 2.454637, -0.005616, 0.99149, -0.130059, 0.65148, 0.0, 0.0, 0.0, 1.0],
                [0.693668, 0.096321, 0.713826, -0.060203, 0.720273, -0.084979, -0.688466, 2.454637, -0.005653, 0.991716, -0.128325, 0.653094, 0.0, 0.0, 0.0, 1.0],
                [0.693666, 0.09504, 0.714, -0.060203, 0.720275, -0.083701, -0.688621, 2.454637, -0.005684, 0.991948, -0.126515, 0.654728, 0.0, 0.0, 0.0, 1.0],
                [0.693663, 0.093702, 0.714179, -0.060203, 0.720277, -0.082376, -0.688778, 2.454637, -0.005709, 0.992186, -0.124633, 0.656385, 0.0, 0.0, 0.0, 1.0],
                [0.693661, 0.092311, 0.714362, -0.060203, 0.720279, -0.081009, -0.688938, 2.454637, -0.005727, 0.992429, -0.122683, 0.658062, 0.0, 0.0, 0.0, 1.0],
                [0.693658, 0.09087, 0.714549, -0.060203, 0.720282, -0.079603, -0.689099, 2.454637, -0.005739, 0.992676, -0.120669, 0.65976, 0.0, 0.0, 0.0, 1.0],
                [0.693655, 0.089382, 0.71474, -0.060203, 0.720284, -0.078158, -0.689262, 2.454637, -0.005745, 0.992926, -0.118595, 0.661478, 0.0, 0.0, 0.0, 1.0],
                [0.693652, 0.08785, 0.714933, -0.060203, 0.720287, -0.076679, -0.689425, 2.454637, -0.005745, 0.993178, -0.116466, 0.663217, 0.0, 0.0, 0.0, 1.0],
                [0.69365, 0.086276, 0.715127, -0.060203, 0.72029, -0.075168, -0.689589, 2.454637, -0.00574, 0.993432, -0.114284, 0.664975, 0.0, 0.0, 0.0, 1.0],
                [0.693647, 0.084663, 0.715323, -0.060203, 0.720293, -0.073627, -0.689752, 2.454637, -0.005729, 0.993686, -0.112054, 0.666752, 0.0, 0.0, 0.0, 1.0],
                [0.693644, 0.083015, 0.715519, -0.060203, 0.720296, -0.07206, -0.689914, 2.454637, -0.005713, 0.99394, -0.109779, 0.668548, 0.0, 0.0, 0.0, 1.0],
                [0.693641, 0.081334, 0.715714, -0.060203, 0.720298, -0.070469, -0.690076, 2.454637, -0.005691, 0.994193, -0.107465, 0.670363, 0.0, 0.0, 0.0, 1.0],
                [0.693638, 0.079624, 0.715909, -0.060203, 0.720301, -0.068856, -0.690235, 2.454637, -0.005665, 0.994444, -0.105115, 0.672196, 0.0, 0.0, 0.0, 1.0],
                [0.693636, 0.077888, 0.716103, -0.060203, 0.720304, -0.067225, -0.690393, 2.454637, -0.005633, 0.994693, -0.102732, 0.674046, 0.0, 0.0, 0.0, 1.0],
                [0.693633, 0.076127, 0.716294, -0.060203, 0.720307, -0.065577, -0.690549, 2.454637, -0.005597, 0.994939, -0.100321, 0.675915, 0.0, 0.0, 0.0, 1.0],
                [0.693631, 0.074346, 0.716484, -0.060203, 0.720309, -0.063916, -0.690702, 2.454637, -0.005556, 0.995182, -0.097887, 0.6778, 0.0, 0.0, 0.0, 1.0],
                [0.693629, 0.072547, 0.71667, -0.060203, 0.720311, -0.062245, -0.690852, 2.454637, -0.00551, 0.995421, -0.095432, 0.679703, 0.0, 0.0, 0.0, 1.0],
                [0.693627, 0.070734, 0.716853, -0.060203, 0.720314, -0.060566, -0.690999, 2.454637, -0.005461, 0.995655, -0.092961, 0.681621, 0.0, 0.0, 0.0, 1.0],
                [0.693626, 0.068909, 0.717032, -0.060203, 0.720315, -0.058881, -0.691143, 2.454637, -0.005406, 0.995884, -0.090477, 0.683556, 0.0, 0.0, 0.0, 1.0],
                [0.693625, 0.067075, 0.717207, -0.060203, 0.720317, -0.057194, -0.691283, 2.454637, -0.005348, 0.996107, -0.087986, 0.685507, 0.0, 0.0, 0.0, 1.0],
                [0.693624, 0.065235, 0.717377, -0.060203, 0.720318, -0.055507, -0.69142, 2.454637, -0.005286, 0.996325, -0.085491, 0.687473, 0.0, 0.0, 0.0, 1.0],
                [0.693624, 0.063393, 0.717543, -0.060203, 0.720319, -0.053823, -0.691552, 2.454637, -0.005219, 0.996536, -0.082996, 0.689454, 0.0, 0.0, 0.0, 1.0],
                [0.693624, 0.061551, 0.717703, -0.060203, 0.720319, -0.052144, -0.69168, 2.454637, -0.00515, 0.996741, -0.080505, 0.69145, 0.0, 0.0, 0.0, 1.0],
                [0.693625, 0.059712, 0.717857, -0.060203, 0.720319, -0.050474, -0.691805, 2.454637, -0.005076, 0.996939, -0.078022, 0.69346, 0.0, 0.0, 0.0, 1.0],
                [0.693626, 0.05788, 0.718006, -0.060203, 0.720318, -0.048815, -0.691924, 2.454637, -0.004999, 0.997129, -0.075551, 0.695484, 0.0, 0.0, 0.0, 1.0],
                [0.693628, 0.056057, 0.718149, -0.060203, 0.720317, -0.04717, -0.69204, 2.454637, -0.004919, 0.997313, -0.073097, 0.697522, 0.0, 0.0, 0.0, 1.0],
                [0.693631, 0.054246, 0.718285, -0.060203, 0.720315, -0.04554, -0.692151, 2.454637, -0.004836, 0.997489, -0.070663, 0.699573, 0.0, 0.0, 0.0, 1.0],
                [0.693634, 0.052451, 0.718415, -0.060203, 0.720312, -0.04393, -0.692258, 2.454637, -0.004749, 0.997657, -0.068253, 0.701637, 0.0, 0.0, 0.0, 1.0],
                [0.693638, 0.050674, 0.718539, -0.060203, 0.720309, -0.042342, -0.69236, 2.454637, -0.00466, 0.997817, -0.065871, 0.703714, 0.0, 0.0, 0.0, 1.0],
                [0.693643, 0.048918, 0.718656, -0.060203, 0.720305, -0.040779, -0.692458, 2.454637, -0.004568, 0.99797, -0.063522, 0.705803, 0.0, 0.0, 0.0, 1.0],
                [0.693649, 0.047187, 0.718766, -0.060203, 0.7203, -0.039242, -0.692552, 2.454637, -0.004473, 0.998115, -0.061209, 0.707904, 0.0, 0.0, 0.0, 1.0],
                [0.694222, 0.045475, 0.718323, -0.060137, 0.719747, -0.03776, -0.693208, 2.454717, -0.0044, 0.998252, -0.058944, 0.710016, 0.0, 0.0, 0.0, 1.0],
                [0.6959, 0.043778, 0.716804, -0.059943, 0.718126, -0.036351, -0.694963, 2.454953, -0.004368, 0.99838, -0.056734, 0.712137, 0.0, 0.0, 0.0, 1.0],
                [0.698633, 0.042097, 0.714241, -0.059625, 0.715467, -0.035008, -0.697769, 2.455338, -0.00437, 0.9985, -0.054577, 0.714266, 0.0, 0.0, 0.0, 1.0],
                [0.702372, 0.040435, 0.710661, -0.059189, 0.711797, -0.033726, -0.701575, 2.455866, -0.0044, 0.998613, -0.052469, 0.716401, 0.0, 0.0, 0.0, 1.0],
                [0.707063, 0.038792, 0.706086, -0.05864, 0.707136, -0.032498, -0.70633, 2.456532, -0.004454, 0.998719, -0.05041, 0.718539, 0.0, 0.0, 0.0, 1.0],
                [0.712652, 0.037171, 0.700532, -0.057983, 0.701503, -0.031319, -0.711978, 2.457328, -0.004526, 0.998818, -0.048395, 0.720679, 0.0, 0.0, 0.0, 1.0],
                [0.719081, 0.035573, 0.694015, -0.057224, 0.694911, -0.030183, -0.718462, 2.458248, -0.004611, 0.998911, -0.046424, 0.722818, 0.0, 0.0, 0.0, 1.0],
                [0.726291, 0.033999, 0.686546, -0.056367, 0.687371, -0.029086, -0.725723, 2.459287, -0.004705, 0.998999, -0.044495, 0.724955, 0.0, 0.0, 0.0, 1.0],
                [0.734221, 0.03245, 0.678135, -0.055417, 0.678894, -0.028023, -0.733702, 2.460438, -0.004805, 0.99908, -0.042605, 0.727087, 0.0, 0.0, 0.0, 1.0],
                [0.742807, 0.030927, 0.66879, -0.05438, 0.669487, -0.026991, -0.742333, 2.461695, -0.004906, 0.999157, -0.040755, 0.729213, 0.0, 0.0, 0.0, 1.0],
                [0.751986, 0.029431, 0.658522, -0.053261, 0.65916, -0.025986, -0.751553, 2.463052, -0.005006, 0.999229, -0.038941, 0.73133, 0.0, 0.0, 0.0, 1.0],
                [0.761689, 0.027963, 0.647339, -0.052065, 0.647923, -0.025005, -0.761296, 2.464502, -0.005101, 0.999296, -0.037164, 0.733437, 0.0, 0.0, 0.0, 1.0],
                [0.771849, 0.026524, 0.635252, -0.050797, 0.635784, -0.024044, -0.771492, 2.466039, -0.005189, 0.999359, -0.035422, 0.735532, 0.0, 0.0, 0.0, 1.0],
                [0.782396, 0.025116, 0.622274, -0.049462, 0.622759, -0.023101, -0.782073, 2.467657, -0.005267, 0.999418, -0.033715, 0.737611, 0.0, 0.0, 0.0, 1.0],
                [0.793259, 0.023739, 0.608421, -0.048065, 0.60886, -0.022174, -0.792967, 2.46935, -0.005333, 0.999472, -0.032044, 0.739675, 0.0, 0.0, 0.0, 1.0],
                [0.804367, 0.022395, 0.59371, -0.046612, 0.594108, -0.021261, -0.804104, 2.471112, -0.005385, 0.999523, -0.030406, 0.74172, 0.0, 0.0, 0.0, 1.0],
                [0.815648, 0.021084, 0.578165, -0.045108, 0.578523, -0.020359, -0.815412, 2.472935, -0.005421, 0.99957, -0.028804, 0.743744, 0.0, 0.0, 0.0, 1.0],
                [0.827029, 0.019808, 0.561811, -0.043557, 0.562133, -0.019469, -0.826817, 2.474815, -0.00544, 0.999614, -0.027236, 0.745746, 0.0, 0.0, 0.0, 1.0],
                [0.838439, 0.018567, 0.54468, -0.041965, 0.544969, -0.018588, -0.83825, 2.476745, -0.00544, 0.999655, -0.025703, 0.747723, 0.0, 0.0, 0.0, 1.0],
                [0.849807, 0.017364, 0.526807, -0.040338, 0.527066, -0.017716, -0.84964, 2.478718, -0.00542, 0.999692, -0.024207, 0.749674, 0.0, 0.0, 0.0, 1.0],
                [0.861066, 0.016198, 0.508236, -0.038679, 0.508466, -0.016853, -0.860917, 2.480728, -0.00538, 0.999727, -0.022748, 0.751597, 0.0, 0.0, 0.0, 1.0],
                [0.872147, 0.015072, 0.489013, -0.036995, 0.489216, -0.015998, -0.872016, 2.48277, -0.00532, 0.999758, -0.021326, 0.753489, 0.0, 0.0, 0.0, 1.0],
                [0.882987, 0.013986, 0.46919, -0.03529, 0.469369, -0.015151, -0.882872, 2.484836, -0.005239, 0.999787, -0.019942, 0.755348, 0.0, 0.0, 0.0, 1.0],
                [0.893525, 0.01294, 0.448826, -0.03357, 0.448983, -0.014313, -0.893425, 2.486922, -0.005137, 0.999814, -0.018599, 0.757173, 0.0, 0.0, 0.0, 1.0],
                [0.903707, 0.011936, 0.427986, -0.031839, 0.428123, -0.013484, -0.90362, 2.489019, -0.005014, 0.999838, -0.017296, 0.758961, 0.0, 0.0, 0.0, 1.0],
                [0.913479, 0.010974, 0.406739, -0.030104, 0.406858, -0.012666, -0.913404, 2.491123, -0.004872, 0.99986, -0.016035, 0.760711, 0.0, 0.0, 0.0, 1.0],
                [0.922795, 0.010056, 0.385159, -0.028368, 0.385262, -0.011859, -0.922731, 2.493227, -0.004711, 0.999879, -0.014817, 0.762421, 0.0, 0.0, 0.0, 1.0],
                [0.931617, 0.009181, 0.363326, -0.026638, 0.363414, -0.011064, -0.931562, 2.495325, -0.004532, 0.999897, -0.013644, 0.764087, 0.0, 0.0, 0.0, 1.0],
                [0.939909, 0.008349, 0.341324, -0.024917, 0.341399, -0.010283, -0.939862, 2.49741, -0.004337, 0.999912, -0.012515, 0.76571, 0.0, 0.0, 0.0, 1.0],
                [0.947644, 0.007561, 0.31924, -0.023213, 0.319303, -0.009517, -0.947605, 2.499476, -0.004127, 0.999926, -0.011433, 0.767286, 0.0, 0.0, 0.0, 1.0],
                [0.954802, 0.006818, 0.297165, -0.021528, 0.297217, -0.008769, -0.95477, 2.501518, -0.003903, 0.999938, -0.010399, 0.768813, 0.0, 0.0, 0.0, 1.0],
                [0.96137, 0.006117, 0.275191, -0.01987, 0.275235, -0.008039, -0.961343, 2.503529, -0.003669, 0.999949, -0.009412, 0.77029, 0.0, 0.0, 0.0, 1.0],
                [0.967342, 0.00546, 0.253414, -0.018242, 0.25345, -0.00733, -0.967321, 2.505502, -0.003425, 0.999958, -0.008474, 0.771714, 0.0, 0.0, 0.0, 1.0],
                [0.97272, 0.004846, 0.231931, -0.01665, 0.23196, -0.006643, -0.972703, 2.507431, -0.003173, 0.999966, -0.007586, 0.773084, 0.0, 0.0, 0.0, 1.0],
                [0.977512, 0.004275, 0.210838, -0.0151, 0.210861, -0.005981, -0.977498, 2.509311, -0.002917, 0.999973, -0.006747, 0.774397, 0.0, 0.0, 0.0, 1.0],
                [0.981732, 0.003744, 0.190231, -0.013595, 0.19025, -0.005344, -0.981721, 2.511135, -0.002659, 0.999979, -0.005959, 0.775652, 0.0, 0.0, 0.0, 1.0],
                [0.985403, 0.003254, 0.170208, -0.012142, 0.170223, -0.004736, -0.985394, 2.512896, -0.002401, 0.999983, -0.005221, 0.776846, 0.0, 0.0, 0.0, 1.0],
                [0.988551, 0.002804, 0.150864, -0.010745, 0.150875, -0.004158, -0.988544, 2.514589, -0.002144, 0.999987, -0.004533, 0.777977, 0.0, 0.0, 0.0, 1.0],
                [0.991208, 0.002392, 0.132291, -0.009411, 0.132299, -0.003611, -0.991203, 2.516207, -0.001893, 0.999991, -0.003896, 0.779044, 0.0, 0.0, 0.0, 1.0],
                [0.993412, 0.002017, 0.114583, -0.008142, 0.114589, -0.003098, -0.993408, 2.517744, -0.001649, 0.999993, -0.003308, 0.780045, 0.0, 0.0, 0.0, 1.0],
                [0.995202, 0.001678, 0.097829, -0.006946, 0.097833, -0.002619, -0.995199, 2.519195, -0.001414, 0.999995, -0.002771, 0.780977, 0.0, 0.0, 0.0, 1.0],
                [0.996622, 0.001374, 0.082116, -0.005827, 0.082119, -0.002177, -0.99662, 2.520551, -0.00119, 0.999997, -0.002282, 0.781838, 0.0, 0.0, 0.0, 1.0],
                [0.997717, 0.001103, 0.067529, -0.00479, 0.067531, -0.001773, -0.997716, 2.521808, -0.000981, 0.999998, -0.001843, 0.782627, 0.0, 0.0, 0.0, 1.0],
                [0.998532, 0.000865, 0.054152, -0.003841, 0.054153, -0.001407, -0.998532, 2.522959, -0.000787, 0.999999, -0.001452, 0.783342, 0.0, 0.0, 0.0, 1.0],
                [0.999115, 0.000658, 0.042065, -0.002984, 0.042066, -0.001082, -0.999114, 2.523998, -0.000611, 0.999999, -0.001109, 0.783979, 0.0, 0.0, 0.0, 1.0],
                [0.999508, 0.00048, 0.031346, -0.002224, 0.031347, -0.000798, -0.999508, 2.524919, -0.000455, 1.0, -0.000812, 0.784539, 0.0, 0.0, 0.0, 1.0],
                [0.999756, 0.000332, 0.022073, -0.001567, 0.022074, -0.000556, -0.999756, 2.525715, -0.000319, 1.0, -0.000563, 0.785017, 0.0, 0.0, 0.0, 1.0],
                [0.999897, 0.000212, 0.014322, -0.001018, 0.014322, -0.000357, -0.999897, 2.52638, -0.000206, 1.0, -0.00036, 0.785414, 0.0, 0.0, 0.0, 1.0],
                [0.999967, 0.000119, 0.008165, -0.000583, 0.008165, -0.000201, -0.999967, 2.526908, -0.000117, 1.0, -0.000202, 0.785725, 0.0, 0.0, 0.0, 1.0],
                [0.999993, 5.3e-05, 0.003677, -0.000265, 0.003677, -9e-05, -0.999993, 2.527294, -5.2e-05, 1.0, -9e-05, 0.78595, 0.0, 0.0, 0.0, 1.0],
                [1.0, 1.3e-05, 0.000931, -7.1e-05, 0.000931, -2.2e-05, -1.0, 2.527529, -1.3e-05, 1.0, -2.2e-05, 0.786087, 0.0, 0.0, 0.0, 1.0],
                [1.0, 0.0, 0.0, -5e-06, 0.0, 0.0, -1.0, 2.527609, 0.0, 1.0, 0.0, 0.786133, 0.0, 0.0, 0.0, 1.0]
            ]
        },
        {
            "name": "Thigh_R",
            "time": [0.0, 0.0111, 0.0222, 0.0333, 0.0444, 0.0556, 0.0667, 0.0778, 0.0889, 0.1, 0.1111, 0.1222, 0.1333, 0.1444, 0.1556, 0.1667, 0.1778, 0.1889, 0.2, 0.2111, 0.2222, 0.2333, 0.2444, 0.2556, 0.2667, 0.2778, 0.2889, 0.3, 0.3111, 0.3222, 0.3333, 0.3444, 0.3556, 0.3667, 0.3778, 0.3889, 0.4, 0.4111, 0.4222, 0.4333, 0.4444, 0.4556, 0.4667, 0.4778, 0.4889, 0.5, 0.5111, 0.5222, 0.5333, 0.5444, 0.5556, 0.5667, 0.5778, 0.5889, 0.6, 0.6111, 0.6222, 0.6333, 0.6444, 0.6556, 0.6667, 0.6778, 0.6889, 0.7, 0.7111, 0.7222, 0.7333, 0.7444, 0.7556, 0.7667, 0.7778, 0.7889, 0.8, 0.8111, 0.8222, 0.8333, 0.8444, 0.8556, 0.8667, 0.8778, 0.8889, 0.9, 0.9111, 0.9222, 0.9333, 0.9444, 0.9556, 0.9667, 0.9778, 0.9889, 1.0, 1.0111, 1.0222, 1.0333, 1.0444, 1.0556, 1.0667, 1.0778, 1.0889, 1.1, 1.1111, 1.1222, 1.1333, 1.1444, 1.1556, 1.1667, 1.1778, 1.1889, 1.2, 1.2111, 1.2222, 1.2333, 1.2444, 1.2556, 1.2667, 1.2778, 1.2889, 1.3, 1.3111, 1.3222, 1.3333, 1.3444, 1.3556, 1.3667, 1.3778, 1.3889, 1.4, 1.4111, 1.4222, 1.4333, 1.4444, 1.4556, 1.4667, 1.4778, 1.4889, 1.5, 1.5111, 1.5222, 1.5333, 1.5444, 1.5556, 1.5667, 1.5778, 1.5889, 1.6, 1.6111, 1.6222, 1.6333, 1.6444, 1.6556, 1.6667, 1.6778, 1.6889, 1.7, 1.7111, 1.7222, 1.7333, 1.7444, 1.7556, 1.7667, 1.7778, 1.7889, 1.8, 1.8111, 1.8222, 1.8333, 1.8444, 1.8556, 1.8667, 1.8778, 1.8889, 1.9, 1.9111, 1.9222, 1.9333, 1.9444, 1.9556, 1.9667, 1.9778, 1.9889, 2.0, 2.0111, 2.0222, 2.0333, 2.0444, 2.0556, 2.0667, 2.0778, 2.0889, 2.1, 2.1111, 2.1222, 2.1333, 2.1444, 2.1556, 2.1667, 2.1778, 2.1889, 2.2, 2.2111, 2.2222, 2.2333, 2.2444, 2.2556, 2.2667, 2.2778, 2.2889, 2.3, 2.3111, 2.3222, 2.3333, 2.3444, 2.3556, 2.3667, 2.3778, 2.3889],
            "transform": [
                [0.949795, 0.273017, -0.15281, 0.167062, 0.311869, -0.865224, 0.392587, -0.00853, -0.025032, -0.420534, -0.906932, 0.0681, 0.0, 0.0, 0.0, 1.0],
                [0.952985, 0.260668, -0.154504, 0.167056, 0.30215, -0.855993, 0.419501, -0.009112, -0.022904, -0.446461, -0.89451, 0.068142, 0.0, 0.0, 0.0, 1.0],
                [0.960374, 0.235847, -0.148518, 0.167016, 0.278297, -0.840606, 0.464686, -0.010706, -0.01525, -0.487605, -0.872931, 0.068273, 0.0, 0.0, 0.0, 1.0],
                [0.969025, 0.212447, -0.125922, 0.166907, 0.246962, -0.83451, 0.492546, -0.013088, -0.000444, -0.508388, -0.861128, 0.068497, 0.0, 0.0, 0.0, 1.0],
                [0.976647, 0.196393, -0.087118, 0.166693, 0.213692, -0.84593, 0.488608, -0.016032, 0.022263, -0.495814, -0.868143, 0.068822, 0.0, 0.0, 0.0, 1.0],
                [0.981395, 0.188618, -0.035871, 0.166342, 0.184629, -0.875844, 0.44588, -0.019315, 0.052683, -0.444207, -0.894374, 0.069254, 0.0, 0.0, 0.0, 1.0],
                [0.98196, 0.187644, 0.023324, 0.165817, 0.166596, -0.916897, 0.362691, -0.02271, 0.089443, -0.352262, -0.931617, 0.069797, 0.0, 0.0, 0.0, 1.0],
                [0.977557, 0.192024, 0.086652, 0.165085, 0.16583, -0.955065, 0.245663, -0.025993, 0.129931, -0.225781, -0.965474, 0.070458, 0.0, 0.0, 0.0, 1.0],
                [0.967544, 0.201696, 0.152243, 0.16411, 0.186113, -0.976282, 0.110607, -0.028939, 0.170941, -0.078683, -0.982134, 0.071244, 0.0, 0.0, 0.0, 1.0],
                [0.951012, 0.217161, 0.220041, 0.162859, 0.227137, -0.973641, -0.020785, -0.031323, 0.209727, 0.069746, -0.975269, 0.072159, 0.0, 0.0, 0.0, 1.0],
