{
    "animation": [
        {
            "name": "Tool_s_L",
            "time": [0.0, 0.0167, 0.0333, 0.05, 0.0667, 0.0833, 0.1, 0.1167, 0.1333, 0.15, 0.1667, 0.1833, 0.2, 0.2167, 0.2333, 0.25, 0.2667, 0.2833, 0.3, 0.3167, 0.3333, 0.35, 0.3667, 0.3833, 0.4, 0.4167, 0.4333, 0.45, 0.4667, 0.4833, 0.5, 0.5167, 0.5333, 0.55, 0.5667, 0.5833, 0.6, 0.6167, 0.6333, 0.65, 0.6667, 0.6833, 0.7, 0.7167, 0.7333, 0.75, 0.7667, 0.7833, 0.8, 0.8167, 0.8333, 0.85, 0.8667, 0.8833, 0.9, 0.9167, 0.9333, 0.95, 0.9667, 0.9833, 1.0, 1.0167, 1.0333, 1.05, 1.0667, 1.0833, 1.1, 1.1167, 1.1333, 1.15, 1.1667, 1.1833, 1.2, 1.2167, 1.2333, 1.25, 1.2667, 1.2833, 1.3, 1.3167, 1.3333, 1.35, 1.3667, 1.3833, 1.4, 1.4167, 1.4333, 1.45, 1.4667, 1.4833, 1.5, 1.5167, 1.5333, 1.55, 1.5667, 1.5833, 1.6, 1.6167, 1.6333, 1.65, 1.6667],
            "transform": [
                [-0.63789, 0.635153, -0.435518, 0.558734, 0.714626, 0.698974, -0.027318, -0.046984, 0.287065, -0.328659, -0.899765, 0.665932, 0.0, 0.0, 0.0, 1.0],
                [-0.65048, 0.622457, -0.435227, 0.561463, 0.703302, 0.709994, -0.035713, -0.044143, 0.286779, -0.329327, -0.899612, 0.665377, 0.0, 0.0, 0.0, 1.0],
                [-0.685759, 0.58477, -0.433333, 0.569298, 0.669193, 0.740707, -0.05945, -0.035576, 0.286208, -0.330752, -0.899271, 0.663574, 0.0, 0.0, 0.0, 1.0],
                [-0.738758, 0.521319, -0.427157, 0.581652, 0.610308, 0.786348, -0.095823, -0.020704, 0.28594, -0.331488, -0.899085, 0.6601, 0.0, 0.0, 0.0, 1.0],
                [-0.802472, 0.430426, -0.413244, 0.597658, 0.52336, 0.840365, -0.141, 0.001595, 0.286586, -0.329424, -0.899637, 0.654331, 0.0, 0.0, 0.0, 1.0],
                [-0.867432, 0.310852, -0.388501, 0.615884, 0.405381, 0.894272, -0.189585, 0.032756, 0.288493, -0.321943, -0.901734, 0.64557, 0.0, 0.0, 0.0, 1.0],
                [-0.921803, 0.163334, -0.35157, 0.634064, 0.255661, 0.937867, -0.234612, 0.074154, 0.291406, -0.306149, -0.906286, 0.633199, 0.0, 0.0, 0.0, 1.0],
                [-0.952582, -0.007897, -0.304179, 0.649004, 0.077729, 0.960181, -0.268347, 0.126572, 0.294186, -0.279266, -0.914038, 0.616863, 0.0, 0.0, 0.0, 1.0],
                [-0.948095, -0.194147, -0.25184, 0.656815, -0.119369, 0.951356, -0.28403, 0.18956, 0.294733, -0.239225, -0.92515, 0.596663, 0.0, 0.0, 0.0, 1.0],
                [-0.901303, -0.382571, -0.203205, 0.653604, -0.321502, 0.905148, -0.278108, 0.26092, 0.290327, -0.185329, -0.938809, 0.573278, 0.0, 0.0, 0.0, 1.0],
                [-0.812557, -0.558206, -0.1678, 0.636507, -0.512096, 0.82116, -0.251901, 0.33666, 0.278403, -0.118755, -0.953094, 0.547955, 0.0, 0.0, 0.0, 1.0],
                [-0.690141, -0.707341, -0.15289, 0.604681, -0.676303, 0.705588, -0.211566, 0.411621, 0.257527, -0.042611, -0.965331, 0.522297, 0.0, 0.0, 0.0, 1.0],
                [-0.547933, -0.820878, -0.161022, 0.559737, -0.804832, 0.569797, -0.166061, 0.480638, 0.228066, 0.038605, -0.97288, 0.497927, 0.0, 0.0, 0.0, 1.0],
                [-0.401249, -0.896147, -0.189525, 0.505371, -0.895579, 0.427242, -0.124104, 0.539754, 0.192188, 0.119938, -0.974001, 0.476145, 0.0, 0.0, 0.0, 1.0],
                [-0.26292, -0.936503, -0.232023, 0.446377, -0.952578, 0.29015, -0.091691, 0.586945, 0.153191, 0.196912, -0.968379, 0.457739, 0.0, 0.0, 0.0, 1.0],
                [-0.141227, -0.949302, -0.280857, 0.387549, -0.983327, 0.167343, -0.071164, 0.622157, 0.114556, 0.266124, -0.957107, 0.442977, 0.0, 0.0, 0.0, 1.0],
                [-0.039898, -0.943441, -0.329131, 0.332904, -0.99606, 0.063661, -0.061736, 0.646821, 0.079198, 0.325371, -0.942263, 0.431745, 0.0, 0.0, 0.0, 1.0],
                [0.040593, -0.927451, -0.371736, 0.285386, -0.997968, -0.019349, -0.060701, 0.663172, 0.049104, 0.373445, -0.926352, 0.423736, 0.0, 0.0, 0.0, 1.0],
                [0.103711, -0.907494, -0.407061, 0.245447, -0.994305, -0.084506, -0.064934, 0.673809, 0.024528, 0.411477, -0.91109, 0.418198, 0.0, 0.0, 0.0, 1.0],
                [0.15648, -0.885892, -0.436702, 0.210326, -0.987671, -0.138373, -0.073203, 0.682012, 0.004422, 0.442773, -0.896623, 0.414042, 0.0, 0.0, 0.0, 1.0],
                [0.204562, -0.862979, -0.461975, 0.177246, -0.978781, -0.186087, -0.085788, 0.690536, -0.011934, 0.469722, -0.882734, 0.410552, 0.0, 0.0, 0.0, 1.0],
                [0.252836, -0.837689, -0.484098, 0.143358, -0.967179, -0.231904, -0.103852, 0.701322, -0.025269, 0.494467, -0.868829, 0.407167, 0.0, 0.0, 0.0, 1.0],
                [0.305527, -0.80792, -0.503903, 0.105804, -0.951491, -0.279217, -0.129234, 0.715577, -0.036288, 0.518944, -0.854037, 0.403455, 0.0, 0.0, 0.0, 1.0],
                [0.36625, -0.770629, -0.521528, 0.061757, -0.929393, -0.330477, -0.164355, 0.733676, -0.045696, 0.5449, -0.837255, 0.399123, 0.0, 0.0, 0.0, 1.0],
                [0.437896, -0.721783, -0.535981, 0.008538, -0.897387, -0.386896, -0.212149, 0.754927, -0.054244, 0.573882, -0.81714, 0.394043, 0.0, 0.0, 0.0, 1.0],
                [0.522257, -0.656314, -0.544518, -0.056093, -0.850473, -0.447862, -0.27589, 0.777198, -0.062798, 0.607184, -0.792076, 0.388303, 0.0, 0.0, 0.0, 1.0],
                [0.619252, -0.568321, -0.541792, -0.1333, -0.781846, -0.50994, -0.358717, 0.796491, -0.072414, 0.645734, -0.760121, 0.382297, 0.0, 0.0, 0.0, 1.0],
                [0.754624, -0.407239, -0.514488, -0.253766, -0.649035, -0.578481, -0.494078, 0.797101, -0.096414, 0.706764, -0.700848, 0.374496, 0.0, 0.0, 0.0, 1.0],
                [0.905365, -0.113966, -0.409055, -0.424548, -0.390915, -0.599894, -0.698078, 0.729617, -0.165832, 0.791921, -0.587674, 0.383243, 0.0, 0.0, 0.0, 1.0],
                [0.950444, 0.274904, -0.145204, -0.563617, -0.009969, -0.439861, -0.89801, 0.546671, -0.310736, 0.854956, -0.415323, 0.449012, 0.0, 0.0, 0.0, 1.0],
                [0.745801, 0.587625, 0.313812, -0.531412, 0.323151, 0.09281, -0.941785, 0.341858, -0.582541, 0.803793, -0.120674, 0.62561, 0.0, 0.0, 0.0, 1.0],
                [0.505881, 0.550401, 0.664186, -0.371808, 0.2031, 0.672332, -0.711843, 0.488675, -0.838352, 0.495004, 0.228334, 0.833647, 0.0, 0.0, 0.0, 1.0],
                [0.505881, 0.550401, 0.664186, -0.371808, 0.2031, 0.672332, -0.711843, 0.493151, -0.838352, 0.495004, 0.228334, 0.82974, 0.0, 0.0, 0.0, 1.0],
                [0.505881, 0.550401, 0.664186, -0.371808, 0.2031, 0.672332, -0.711843, 0.496358, -0.838352, 0.495004, 0.228334, 0.82694, 0.0, 0.0, 0.0, 1.0],
                [0.505881, 0.550401, 0.664186, -0.371808, 0.2031, 0.672332, -0.711843, 0.498507, -0.838352, 0.495004, 0.228334, 0.825063, 0.0, 0.0, 0.0, 1.0],
                [0.505881, 0.550401, 0.664186, -0.371808, 0.2031, 0.672332, -0.711843, 0.499811, -0.838352, 0.495004, 0.228334, 0.823925, 0.0, 0.0, 0.0, 1.0],
                [0.505881, 0.550401, 0.664186, -0.371808, 0.2031, 0.672332, -0.711843, 0.500481, -0.838352, 0.495004, 0.228334, 0.82334, 0.0, 0.0, 0.0, 1.0],
                [0.505881, 0.550401, 0.664186, -0.371808, 0.2031, 0.672332, -0.711843, 0.500727, -0.838352, 0.495004, 0.228334, 0.823125, 0.0, 0.0, 0.0, 1.0],
                [0.505881, 0.550401, 0.664186, -0.371808, 0.2031, 0.672332, -0.711843, 0.500762, -0.838352, 0.495004, 0.228334, 0.823094, 0.0, 0.0, 0.0, 1.0],
                [0.505931, 0.550536, 0.664036, -0.37191, 0.20326, 0.672061, -0.712053, 0.500664, -0.838283, 0.495222, 0.228115, 0.823025, 0.0, 0.0, 0.0, 1.0],
                [0.506095, 0.550951, 0.663566, -0.372232, 0.203741, 0.671227, -0.712702, 0.500375, -0.838068, 0.49589, 0.227453, 0.822812, 0.0, 0.0, 0.0, 1.0],
                [0.506391, 0.551665, 0.662746, -0.3728, 0.204538, 0.669797, -0.713817, 0.499907, -0.837694, 0.497028, 0.226343, 0.822449, 0.0, 0.0, 0.0, 1.0],
                [0.506843, 0.552693, 0.661544, -0.373637, 0.20565, 0.667738, -0.715426, 0.499273, -0.837149, 0.498655, 0.224777, 0.821926, 0.0, 0.0, 0.0, 1.0],
                [0.507471, 0.554048, 0.659927, -0.37477, 0.207072, 0.665012, -0.717551, 0.498485, -0.836417, 0.500789, 0.222747, 0.821236, 0.0, 0.0, 0.0, 1.0],
                [0.5083, 0.555745, 0.657859, -0.376223, 0.208797, 0.661581, -0.720218, 0.497561, -0.835485, 0.503446, 0.220244, 0.82037, 0.0, 0.0, 0.0, 1.0],
                [0.509355, 0.557794, 0.655304, -0.378024, 0.210818, 0.657405, -0.723446, 0.496518, -0.834333, 0.506641, 0.217259, 0.819319, 0.0, 0.0, 0.0, 1.0],
                [0.510663, 0.560203, 0.652224, -0.380198, 0.213126, 0.652439, -0.727256, 0.495377, -0.832947, 0.510389, 0.213783, 0.818074, 0.0, 0.0, 0.0, 1.0],
                [0.512255, 0.562978, 0.648576, -0.382773, 0.215708, 0.646637, -0.731663, 0.494161, -0.831303, 0.514701, 0.209804, 0.816625, 0.0, 0.0, 0.0, 1.0],
                [0.51416, 0.566121, 0.644318, -0.385775, 0.218549, 0.639949, -0.736683, 0.492898, -0.829383, 0.519588, 0.205311, 0.814963, 0.0, 0.0, 0.0, 1.0],
                [0.516412, 0.569633, 0.639404, -0.389233, 0.221631, 0.632324, -0.742325, 0.491617, -0.827163, 0.525057, 0.200291, 0.813077, 0.0, 0.0, 0.0, 1.0],
                [0.519046, 0.573507, 0.633783, -0.393172, 0.224932, 0.623704, -0.748598, 0.490355, -0.824619, 0.531115, 0.194732, 0.810958, 0.0, 0.0, 0.0, 1.0],
                [0.522102, 0.577732, 0.627403, -0.397621, 0.228425, 0.614031, -0.755505, 0.489148, -0.821724, 0.537766, 0.188619, 0.808596, 0.0, 0.0, 0.0, 1.0],
                [0.52562, 0.582293, 0.620209, -0.402607, 0.232078, 0.603241, -0.763046, 0.488044, -0.818452, 0.545009, 0.181938, 0.80598, 0.0, 0.0, 0.0, 1.0],
                [0.529642, 0.587167, 0.612139, -0.408154, 0.235854, 0.591269, -0.771216, 0.48709, -0.814771, 0.552844, 0.174675, 0.803101, 0.0, 0.0, 0.0, 1.0],
                [0.534213, 0.592325, 0.603132, -0.414289, 0.239707, 0.578045, -0.780003, 0.486343, -0.810652, 0.561263, 0.166814, 0.79995, 0.0, 0.0, 0.0, 1.0],
                [0.539381, 0.597729, 0.593117, -0.421035, 0.243585, 0.563495, -0.789392, 0.485866, -0.806061, 0.570258, 0.15834, 0.796518, 0.0, 0.0, 0.0, 1.0],
                [0.545195, 0.603331, 0.582026, -0.428412, 0.247426, 0.547546, -0.799358, 0.485729, -0.800964, 0.579814, 0.149239, 0.792798, 0.0, 0.0, 0.0, 1.0],
                [0.551703, 0.609076, 0.56978, -0.436438, 0.25116, 0.530119, -0.809872, 0.486008, -0.795325, 0.589915, 0.139493, 0.788782, 0.0, 0.0, 0.0, 1.0],
                [0.558958, 0.614896, 0.556299, -0.445129, 0.254702, 0.511136, -0.820894, 0.48679, -0.789109, 0.600536, 0.129088, 0.784468, 0.0, 0.0, 0.0, 1.0],
                [0.567009, 0.620708, 0.5415, -0.454492, 0.257958, 0.490517, -0.832377, 0.488169, -0.782278, 0.611649, 0.118011, 0.779853, 0.0, 0.0, 0.0, 1.0],
                [0.575902, 0.62642, 0.525294, -0.464531, 0.260818, 0.468184, -0.844261, 0.490248, -0.774797, 0.623219, 0.106247, 0.774936, 0.0, 0.0, 0.0, 1.0],
                [0.585685, 0.631923, 0.507589, -0.475242, 0.263159, 0.44406, -0.85648, 0.493138, -0.766629, 0.635204, 0.093783, 0.769724, 0.0, 0.0, 0.0, 1.0],
                [0.596395, 0.637091, 0.488291, -0.486611, 0.26484, 0.418074, -0.86895, 0.496962, -0.757741, 0.647557, 0.08061, 0.764223, 0.0, 0.0, 0.0, 1.0],
                [0.608066, 0.641783, 0.467301, -0.498615, 0.265703, 0.390158, -0.881577, 0.501849, -0.748102, 0.660221, 0.066718, 0.758448, 0.0, 0.0, 0.0, 1.0],
                [0.62072, 0.64584, 0.444518, -0.511215, 0.265571, 0.360254, -0.894253, 0.50794, -0.737684, 0.673132, 0.052101, 0.752416, 0.0, 0.0, 0.0, 1.0],
                [0.634367, 0.649083, 0.419843, -0.524359, 0.264248, 0.328317, -0.906852, 0.51538, -0.726464, 0.686221, 0.036755, 0.746154, 0.0, 0.0, 0.0, 1.0],
                [0.649, 0.651316, 0.393175, -0.537979, 0.26152, 0.294316, -0.919231, 0.524323, -0.714427, 0.699404, 0.020679, 0.739696, 0.0, 0.0, 0.0, 1.0],
                [0.664494, 0.65241, 0.364428, -0.551939, 0.257124, 0.258283, -0.931223, 0.534932, -0.701665, 0.712496, 0.003877, 0.733164, 0.0, 0.0, 0.0, 1.0],
                [0.680642, 0.652231, 0.333647, -0.566032, 0.250841, 0.220417, -0.9426, 0.547299, -0.688335, 0.725266, -0.013581, 0.726712, 0.0, 0.0, 0.0, 1.0],
                [0.697274, 0.650572, 0.300939, -0.58006, 0.242515, 0.180967, -0.95312, 0.561456, -0.674533, 0.737568, -0.03159, 0.720431, 0.0, 0.0, 0.0, 1.0],
                [0.714199, 0.647251, 0.266434, -0.59382, 0.232019, 0.140207, -0.962553, 0.577405, -0.660369, 0.749272, -0.050039, 0.714412, 0.0, 0.0, 0.0, 1.0],
                [0.731203, 0.642116, 0.23028, -0.607108, 0.21926, 0.098435, -0.970688, 0.595117, -0.645962, 0.760262, -0.068815, 0.708747, 0.0, 0.0, 0.0, 1.0],
                [0.748059, 0.635053, 0.192653, -0.619723, 0.204185, 0.055969, -0.977331, 0.614528, -0.63144, 0.770438, -0.0878, 0.703523, 0.0, 0.0, 0.0, 1.0],
                [0.764528, 0.625987, 0.153743, -0.631474, 0.186782, 0.013138, -0.982313, 0.635543, -0.616936, 0.779722, -0.106879, 0.698823, 0.0, 0.0, 0.0, 1.0],
                [0.780367, 0.614885, 0.113766, -0.642182, 0.167088, -0.02972, -0.985494, 0.658033, -0.602584, 0.788056, -0.125932, 0.694722, 0.0, 0.0, 0.0, 1.0],
                [0.79534, 0.601758, 0.072951, -0.651688, 0.145187, -0.072268, -0.986761, 0.681839, -0.588519, 0.795402, -0.144845, 0.691284, 0.0, 0.0, 0.0, 1.0],
                [0.809219, 0.58666, 0.031545, -0.659857, 0.121214, -0.114178, -0.986038, 0.706774, -0.574867, 0.801744, -0.163506, 0.68856, 0.0, 0.0, 0.0, 1.0],
                [0.821796, 0.569691, -0.010194, -0.666582, 0.095346, -0.155134, -0.983281, 0.732628, -0.561748, 0.807085, -0.181807, 0.686588, 0.0, 0.0, 0.0, 1.0],
                [0.832891, 0.550988, -0.052001, -0.671784, 0.067806, -0.194845, -0.978487, 0.759172, -0.549267, 0.811447, -0.199645, 0.68539, 0.0, 0.0, 0.0, 1.0],
                [0.842357, 0.530728, -0.093609, -0.67542, 0.03885, -0.233046, -0.971689, 0.786166, -0.537518, 0.814872, -0.216927, 0.684972, 0.0, 0.0, 0.0, 1.0],
                [0.850083, 0.509118, -0.134747, -0.677481, 0.008768, -0.269505, -0.962959, 0.813362, -0.526575, 0.817414, -0.233566, 0.685323, 0.0, 0.0, 0.0, 1.0],
                [0.856004, 0.486392, -0.175155, -0.677993, -0.022128, -0.304029, -0.952406, 0.840511, -0.516494, 0.819139, -0.249487, 0.686416, 0.0, 0.0, 0.0, 1.0],
                [0.860098, 0.462803, -0.21458, -0.677016, -0.053514, -0.336461, -0.940175, 0.86737, -0.507314, 0.820126, -0.264623, 0.688209, 0.0, 0.0, 0.0, 1.0],
                [0.862388, 0.438621, -0.252782, -0.674639, -0.085056, -0.366689, -0.926447, 0.893708, -0.499051, 0.820457, -0.278921, 0.690646, 0.0, 0.0, 0.0, 1.0],
                [0.862943, 0.414121, -0.28954, -0.670985, -0.116424, -0.394639, -0.91143, 0.919306, -0.491707, 0.820222, -0.292337, 0.693657, 0.0, 0.0, 0.0, 1.0],
                [0.861873, 0.389584, -0.324652, -0.666199, -0.147295, -0.420274, -0.895362, 0.943963, -0.485262, 0.819508, -0.304839, 0.697161, 0.0, 0.0, 0.0, 1.0],
                [0.859329, 0.365285, -0.357939, -0.660448, -0.177361, -0.443595, -0.878502, 0.967503, -0.479683, 0.818407, -0.316407, 0.701071, 0.0, 0.0, 0.0, 1.0],
                [0.855495, 0.341493, -0.389244, -0.653918, -0.206337, -0.464634, -0.861127, 0.989769, -0.474925, 0.817005, -0.327029, 0.705291, 0.0, 0.0, 0.0, 1.0],
                [0.850582, 0.318468, -0.418436, -0.646806, -0.233956, -0.48345, -0.843528, 1.010628, -0.47093, 0.815385, -0.336707, 0.709719, 0.0, 0.0, 0.0, 1.0],
                [0.844826, 0.296456, -0.445402, -0.639319, -0.259981, -0.500126, -0.826005, 1.029968, -0.467631, 0.813626, -0.345446, 0.714252, 0.0, 0.0, 0.0, 1.0],
                [0.838477, 0.275687, -0.470055, -0.631666, -0.284201, -0.514758, -0.808859, 1.047702, -0.464957, 0.811801, -0.353262, 0.718786, 0.0, 0.0, 0.0, 1.0],
                [0.831797, 0.25638, -0.492323, -0.624058, -0.306428, -0.527456, -0.792396, 1.063756, -0.462833, 0.809975, -0.360175, 0.723217, 0.0, 0.0, 0.0, 1.0],
                [0.82505, 0.238733, -0.512151, -0.616701, -0.326499, -0.538335, -0.776913, 1.078076, -0.461184, 0.808208, -0.366208, 0.727444, 0.0, 0.0, 0.0, 1.0],
                [0.818497, 0.222935, -0.529493, -0.609796, -0.344271, -0.54751, -0.762699, 1.090617, -0.459935, 0.806556, -0.371386, 0.731369, 0.0, 0.0, 0.0, 1.0],
                [0.812391, 0.209158, -0.54431, -0.603532, -0.359617, -0.55509, -0.750034, 1.101342, -0.459017, 0.805064, -0.375733, 0.734898, 0.0, 0.0, 0.0, 1.0],
                [0.806972, 0.197564, -0.556565, -0.598089, -0.372422, -0.561172, -0.73918, 1.110218, -0.458364, 0.803775, -0.379273, 0.737944, 0.0, 0.0, 0.0, 1.0],
                [0.80246, 0.188305, -0.566215, -0.59363, -0.382578, -0.565838, -0.730384, 1.117211, -0.457921, 0.802725, -0.382021, 0.740427, 0.0, 0.0, 0.0, 1.0],
                [0.799051, 0.181525, -0.573206, -0.590301, -0.389976, -0.56915, -0.723869, 1.122278, -0.457641, 0.801946, -0.38399, 0.742274, 0.0, 0.0, 0.0, 1.0],
                [0.796913, 0.177361, -0.57747, -0.588229, -0.394505, -0.57114, -0.719837, 1.125369, -0.457487, 0.801463, -0.385179, 0.743421, 0.0, 0.0, 0.0, 1.0],
                [0.796178, 0.175944, -0.578916, -0.587519, -0.396044, -0.571809, -0.718459, 1.126418, -0.457438, 0.801298, -0.385581, 0.743813, 0.0, 0.0, 0.0, 1.0],
                [0.796178, 0.175944, -0.578916, -0.587519, -0.396044, -0.571809, -0.718459, 1.126418, -0.457438, 0.801298, -0.385581, 0.743813, 0.0, 0.0, 0.0, 1.0]
            ]
        },
        {
            "name": "Tool_s_R",
            "time": [0.0, 0.0167, 0.0333, 0.05, 0.0667, 0.0833, 0.1, 0.1167, 0.1333, 0.15, 0.1667, 0.1833, 0.2, 0.2167, 0.2333, 0.25, 0.2667, 0.2833, 0.3, 0.3167, 0.3333, 0.35, 0.3667, 0.3833, 0.4, 0.4167, 0.4333, 0.45, 0.4667, 0.4833, 0.5, 0.5167, 0.5333, 0.55, 0.5667, 0.5833, 0.6, 0.6167, 0.6333, 0.65, 0.6667, 0.6833, 0.7, 0.7167, 0.7333, 0.75, 0.7667, 0.7833, 0.8, 0.8167, 0.8333, 0.85, 0.8667, 0.8833, 0.9, 0.9167, 0.9333, 0.95, 0.9667, 0.9833, 1.0, 1.0167, 1.0333, 1.05, 1.0667, 1.0833, 1.1, 1.1167, 1.1333, 1.15, 1.1667, 1.1833, 1.2, 1.2167, 1.2333, 1.25, 1.2667, 1.2833, 1.3, 1.3167, 1.3333, 1.35, 1.3667, 1.3833, 1.4, 1.4167, 1.4333, 1.45, 1.4667, 1.4833, 1.5, 1.5167, 1.5333, 1.55, 1.5667, 1.5833, 1.6, 1.6167, 1.6333, 1.65, 1.6667],
            "transform": [
                [-0.118007, 0.542917, -0.831454, -0.359071, -0.283525, 0.784029, 0.552189, -0.360661, 0.951677, 0.3009, 0.06141, 1.03596, 0.0, 0.0, 0.0, 1.0],
                [-0.11138, 0.529691, -0.840846, -0.355677, -0.283695, 0.793954, 0.53773, -0.365516, 0.952424, 0.298436, 0.06184, 1.039089, 0.0, 0.0, 0.0, 1.0],
                [-0.092373, 0.49054, -0.866509, -0.345415, -0.283585, 0.82123, 0.495137, -0.379167, 0.954488, 0.291467, 0.06325, 1.048007, 0.0, 0.0, 0.0, 1.0],
                [-0.062331, 0.425126, -0.902985, -0.327672, -0.281548, 0.86051, 0.424563, -0.399756, 0.957521, 0.280697, 0.066057, 1.061992, 0.0, 0.0, 0.0, 1.0],
                [-0.022811, 0.332616, -0.942787, -0.301523, -0.275252, 0.904496, 0.325767, -0.424782, 0.961102, 0.266935, 0.07092, 1.080304, 0.0, 0.0, 0.0, 1.0],
                [0.024198, 0.213, -0.976753, -0.266188, -0.262018, 0.944235, 0.199418, -0.451133, 0.96476, 0.251101, 0.078658, 1.102193, 0.0, 0.0, 0.0, 1.0],
                [0.07611, 0.068377, -0.994752, -0.221482, -0.2392, 0.969765, 0.048358, -0.475219, 0.967983, 0.234264, 0.090165, 1.126894, 0.0, 0.0, 0.0, 1.0],
                [0.12968, -0.096085, -0.986889, -0.168187, -0.204607, 0.97128, -0.121451, -0.49329, 0.970216, 0.217675, 0.106295, 1.153612, 0.0, 0.0, 0.0, 1.0],
                [0.181106, -0.27184, -0.945147, -0.108258, -0.156941, 0.940735, -0.300643, -0.501915, 0.970861, 0.202781, 0.12771, 1.181508, 0.0, 0.0, 0.0, 1.0],
                [0.226334, -0.44759, -0.865122, -0.044728, -0.096165, 0.873563, -0.477116, -0.498563, 0.969291, 0.191182, 0.154675, 1.209693, 0.0, 0.0, 0.0, 1.0],
                [0.26151, -0.610868, -0.747297, 0.01868, -0.023714, 0.76994, -0.637676, -0.482096, 0.96491, 0.18448, 0.186861, 1.237242, 0.0, 0.0, 0.0, 1.0],
                [0.283516, -0.750214, -0.597326, 0.078186, 0.057545, 0.635072, -0.770307, -0.45302, 0.95724, 0.184021, 0.223224, 1.263245, 0.0, 0.0, 0.0, 1.0],
                [0.290439, -0.857285, -0.425097, 0.130649, 0.14361, 0.478267, -0.866393, -0.413385, 0.946056, 0.190587, 0.262022, 1.286884, 0.0, 0.0, 0.0, 1.0],
                [0.281857, -0.928222, -0.242821, 0.174097, 0.229856, 0.311038, -0.922183, -0.366358, 0.931517, 0.20411, 0.301026, 1.307523, 0.0, 0.0, 0.0, 1.0],
                [0.258857, -0.963875, -0.062761, 0.207979, 0.311619, 0.144836, -0.939104, -0.315616, 0.914268, 0.223536, 0.337854, 1.324768, 0.0, 0.0, 0.0, 1.0],
                [0.223828, -0.968988, 0.104708, 0.233088, 0.384717, -0.010869, -0.92297, -0.264748, 0.895485, 0.24687, 0.370353, 1.338489, 0.0, 0.0, 0.0, 1.0],
                [0.180085, -0.950757, 0.25225, 0.251251, 0.445796, -0.149708, -0.882526, -0.216833, 0.876832, 0.271382, 0.396884, 1.348793, 0.0, 0.0, 0.0, 1.0],
                [0.131461, -0.917323, 0.375815, 0.264928, 0.492461, -0.268587, -0.827854, -0.17425, 0.860349, 0.293905, 0.416437, 1.355943, 0.0, 0.0, 0.0, 1.0],
                [0.081083, -0.875221, 0.476879, 0.276296, 0.525169, -0.369134, -0.766771, -0.137289, 0.847126, 0.312614, 0.429709, 1.360631, 0.0, 0.0, 0.0, 1.0],
                [0.031249, -0.826379, 0.562246, 0.287577, 0.546514, -0.456858, -0.701856, -0.103262, 0.836867, 0.329208, 0.437352, 1.363105, 0.0, 0.0, 0.0, 1.0],
                [-0.015881, -0.770289, 0.637497, 0.300945, 0.558011, -0.535881, -0.633606, -0.069262, 0.829682, 0.345668, 0.438339, 1.362924, 0.0, 0.0, 0.0, 1.0],
                [-0.058654, -0.704695, 0.707082, 0.31786, 0.561196, -0.60906, -0.560451, -0.032036, 0.825602, 0.363939, 0.431196, 1.359499, 0.0, 0.0, 0.0, 1.0],
                [-0.095711, -0.625983, 0.773941, 0.339051, 0.557788, -0.677701, -0.47916, 0.012047, 0.824446, 0.385834, 0.414029, 1.35206, 0.0, 0.0, 0.0, 1.0],
                [-0.125956, -0.529437, 0.838947, 0.364353, 0.54997, -0.741095, -0.385114, 0.067052, 0.825632, 0.412888, 0.384519, 1.339631, 0.0, 0.0, 0.0, 1.0],
                [-0.148819, -0.409555, 0.900066, 0.392358, 0.540759, -0.795755, -0.27268, 0.137471, 0.82791, 0.446138, 0.339893, 1.321023, 0.0, 0.0, 0.0, 1.0],
                [-0.164956, -0.260787, 0.951199, 0.419896, 0.534295, -0.834275, -0.136073, 0.227982, 0.829047, 0.485775, 0.276955, 1.294867, 0.0, 0.0, 0.0, 1.0],
                [-0.177523, -0.079238, 0.980922, 0.44141, 0.535742, -0.843892, 0.028788, 0.342775, 0.82551, 0.530631, 0.192261, 1.259734, 0.0, 0.0, 0.0, 1.0],
                [-0.120066, 0.048282, 0.991591, 0.497683, 0.520427, -0.847514, 0.104283, 0.521585, 0.845423, 0.528572, 0.07663, 1.185287, 0.0, 0.0, 0.0, 1.0],
                [0.013661, 0.016699, 0.999767, 0.561246, 0.539337, -0.842063, 0.006695, 0.812224, 0.841979, 0.53912, -0.02051, 1.026498, 0.0, 0.0, 0.0, 1.0],
                [0.067622, -0.095724, 0.993109, 0.477635, 0.63085, -0.76705, -0.11689, 1.165394, 0.772953, 0.634407, 0.008518, 0.810703, 0.0, 0.0, 0.0, 1.0],
                [0.07039, 0.049902, 0.99627, 0.121238, 0.747734, -0.66371, -0.019585, 1.545058, 0.660257, 0.746324, -0.084032, 0.525612, 0.0, 0.0, 0.0, 1.0],
                [0.018795, -0.034165, 0.99924, -0.047041, 0.877484, -0.47848, -0.032864, 1.797003, 0.479239, 0.877434, 0.020986, 0.081332, 0.0, 0.0, 0.0, 1.0],
                [0.018795, -0.034165, 0.99924, -0.047041, 0.877484, -0.47848, -0.032864, 1.801478, 0.479239, 0.877434, 0.020986, 0.077424, 0.0, 0.0, 0.0, 1.0],
                [0.018795, -0.034165, 0.99924, -0.047041, 0.877484, -0.47848, -0.032864, 1.804685, 0.479239, 0.877434, 0.020986, 0.074625, 0.0, 0.0, 0.0, 1.0],
                [0.018795, -0.034165, 0.99924, -0.047041, 0.877484, -0.47848, -0.032864, 1.806834, 0.479239, 0.877434, 0.020986, 0.072748, 0.0, 0.0, 0.0, 1.0],
                [0.018795, -0.034165, 0.99924, -0.047041, 0.877484, -0.47848, -0.032865, 1.808138, 0.479239, 0.877434, 0.020986, 0.07161, 0.0, 0.0, 0.0, 1.0],
                [0.018795, -0.034165, 0.99924, -0.047041, 0.877484, -0.47848, -0.032865, 1.808808, 0.479239, 0.877434, 0.020986, 0.071025, 0.0, 0.0, 0.0, 1.0],
                [0.018795, -0.034165, 0.99924, -0.047041, 0.877484, -0.47848, -0.032865, 1.809054, 0.479239, 0.877434, 0.020986, 0.07081, 0.0, 0.0, 0.0, 1.0],
                [0.018795, -0.034165, 0.99924, -0.047041, 0.877484, -0.47848, -0.032865, 1.80909, 0.479239, 0.877434, 0.020986, 0.070779, 0.0, 0.0, 0.0, 1.0],
                [0.019058, -0.034309, 0.99923, -0.046752, 0.877383, -0.478643, -0.033168, 1.809094, 0.479413, 0.877339, 0.02098, 0.071097, 0.0, 0.0, 0.0, 1.0],
                [0.019873, -0.034766, 0.999198, -0.045848, 0.87708, -0.479131, -0.034115, 1.809106, 0.479933, 0.877054, 0.020971, 0.072062, 0.0, 0.0, 0.0, 1.0],
                [0.021285, -0.035574, 0.99914, -0.044272, 0.876573, -0.479939, -0.035762, 1.809122, 0.480798, 0.876581, 0.020967, 0.073692, 0.0, 0.0, 0.0, 1.0],
                [0.023336, -0.036768, 0.999051, -0.041968, 0.875858, -0.481059, -0.038163, 1.809134, 0.482006, 0.875917, 0.020977, 0.076007, 0.0, 0.0, 0.0, 1.0],
                [0.026069, -0.038389, 0.998923, -0.03888, 0.874928, -0.482483, -0.041375, 1.809135, 0.483552, 0.875064, 0.021009, 0.079025, 0.0, 0.0, 0.0, 1.0],
                [0.029529, -0.040473, 0.998744, -0.034949, 0.873775, -0.484203, -0.045455, 1.809108, 0.485434, 0.87402, 0.021066, 0.082765, 0.0, 0.0, 0.0, 1.0],
                [0.033758, -0.043059, 0.998502, -0.030119, 0.872386, -0.486206, -0.050461, 1.809036, 0.48765, 0.872783, 0.02115, 0.087245, 0.0, 0.0, 0.0, 1.0],
                [0.038804, -0.046186, 0.998179, -0.024333, 0.870749, -0.488477, -0.056453, 1.808894, 0.490195, 0.871354, 0.021261, 0.092485, 0.0, 0.0, 0.0, 1.0],
                [0.044711, -0.049893, 0.997753, -0.017534, 0.868843, -0.491, -0.063487, 1.808652, 0.493065, 0.86973, 0.021396, 0.098504, 0.0, 0.0, 0.0, 1.0],
                [0.051527, -0.054219, 0.997199, -0.009665, 0.866647, -0.493754, -0.071627, 1.808275, 0.496255, 0.86791, 0.021547, 0.105322, 0.0, 0.0, 0.0, 1.0],
                [0.059298, -0.059203, 0.996483, -0.000671, 0.864132, -0.496716, -0.080933, 1.807715, 0.499761, 0.865892, 0.021705, 0.112957, 0.0, 0.0, 0.0, 1.0],
                [0.068072, -0.064885, 0.995568, 0.009501, 0.861265, -0.499856, -0.091467, 1.806922, 0.503576, 0.863675, 0.021856, 0.12143, 0.0, 0.0, 0.0, 1.0],
                [0.077899, -0.0713, 0.994408, 0.020907, 0.858009, -0.503143, -0.103289, 1.805833, 0.507694, 0.861257, 0.021982, 0.130757, 0.0, 0.0, 0.0, 1.0],
                [0.088826, -0.078489, 0.99295, 0.033594, 0.854316, -0.506539, -0.116464, 1.804376, 0.512109, 0.858637, 0.02206, 0.140959, 0.0, 0.0, 0.0, 1.0],
                [0.100903, -0.086485, 0.99113, 0.04761, 0.850133, -0.51, -0.131051, 1.802466, 0.51681, 0.855816, 0.022063, 0.15205, 0.0, 0.0, 0.0, 1.0],
                [0.114179, -0.095323, 0.988876, 0.062999, 0.845399, -0.513479, -0.14711, 1.80001, 0.52179, 0.852792, 0.021957, 0.164047, 0.0, 0.0, 0.0, 1.0],
                [0.128704, -0.105036, 0.986105, 0.079796, 0.840041, -0.51692, -0.1647, 1.796897, 0.527036, 0.849566, 0.021705, 0.176964, 0.0, 0.0, 0.0, 1.0],
                [0.144523, -0.11565, 0.98272, 0.098033, 0.833978, -0.520261, -0.183875, 1.793008, 0.532536, 0.846141, 0.02126, 0.190811, 0.0, 0.0, 0.0, 1.0],
                [0.161682, -0.127191, 0.978612, 0.117731, 0.827115, -0.523436, -0.204684, 1.788206, 0.538275, 0.842519, 0.020572, 0.205598, 0.0, 0.0, 0.0, 1.0],
                [0.180224, -0.139679, 0.973658, 0.138901, 0.819347, -0.526368, -0.227172, 1.78234, 0.544234, 0.838705, 0.019581, 0.221329, 0.0, 0.0, 0.0, 1.0],
                [0.200186, -0.153125, 0.967718, 0.161541, 0.810552, -0.528977, -0.251375, 1.775244, 0.550392, 0.834708, 0.018222, 0.238003, 0.0, 0.0, 0.0, 1.0],
                [0.2216, -0.167536, 0.960638, 0.185633, 0.800594, -0.531172, -0.277318, 1.766739, 0.556725, 0.830535, 0.016421, 0.255616, 0.0, 0.0, 0.0, 1.0],
                [0.24449, -0.182909, 0.952244, 0.211143, 0.78932, -0.532861, -0.305012, 1.756628, 0.563204, 0.826198, 0.014095, 0.274155, 0.0, 0.0, 0.0, 1.0],
                [0.26887, -0.199231, 0.942346, 0.238012, 0.776561, -0.533942, -0.334454, 1.744702, 0.569792, 0.821713, 0.011154, 0.293601, 0.0, 0.0, 0.0, 1.0],
                [0.294739, -0.216475, 0.930735, 0.266158, 0.762126, -0.534311, -0.365618, 1.73074, 0.576449, 0.817099, 0.007499, 0.313925, 0.0, 0.0, 0.0, 1.0],
                [0.322084, -0.234605, 0.917182, 0.295469, 0.745805, -0.533859, -0.398457, 1.714508, 0.583126, 0.812376, 0.003022, 0.335089, 0.0, 0.0, 0.0, 1.0],
                [0.350864, -0.253566, 0.901442, 0.325801, 0.727372, -0.532479, -0.432892, 1.695769, 0.589766, 0.807571, -0.002391, 0.357042, 0.0, 0.0, 0.0, 1.0],
                [0.38102, -0.273288, 0.883254, 0.356972, 0.706578, -0.530061, -0.468811, 1.674279, 0.596299, 0.802714, -0.008864, 0.379723, 0.0, 0.0, 0.0, 1.0],
                [0.412507, -0.293579, 0.862351, 0.388738, 0.683187, -0.526479, -0.506038, 1.649813, 0.602572, 0.797892, -0.016607, 0.402963, 0.0, 0.0, 0.0, 1.0],
                [0.445113, -0.314147, 0.838562, 0.420692, 0.657053, -0.521664, -0.544195, 1.62228, 0.608405, 0.793208, -0.025788, 0.426496, 0.0, 0.0, 0.0, 1.0],
                [0.478477, -0.334766, 0.811783, 0.452372, 0.628061, -0.515617, -0.58282, 1.591676, 0.613677, 0.788715, -0.036457, 0.450108, 0.0, 0.0, 0.0, 1.0],
                [0.512216, -0.355215, 0.781958, 0.483322, 0.59614, -0.508371, -0.621431, 1.558062, 0.618266, 0.784463, -0.048638, 0.473585, 0.0, 0.0, 0.0, 1.0],
                [0.545929, -0.375286, 0.749081, 0.513097, 0.561261, -0.499992, -0.65954, 1.521568, 0.622051, 0.780492, -0.062326, 0.496722, 0.0, 0.0, 0.0, 1.0],
                [0.579205, -0.394789, 0.713207, 0.541278, 0.523453, -0.490577, -0.696657, 1.482388, 0.624915, 0.776838, -0.077491, 0.519327, 0.0, 0.0, 0.0, 1.0],
                [0.61163, -0.413552, 0.674451, 0.567481, 0.4828, -0.480247, -0.732303, 1.440783, 0.626748, 0.773523, -0.09407, 0.541222, 0.0, 0.0, 0.0, 1.0],
                [0.642797, -0.431435, 0.632989, 0.591366, 0.439449, -0.469146, -0.76602, 1.397069, 0.627453, 0.770562, -0.111972, 0.56225, 0.0, 0.0, 0.0, 1.0],
                [0.672317, -0.448326, 0.589062, 0.612649, 0.393608, -0.457437, -0.797386, 1.351616, 0.626948, 0.767956, -0.131077, 0.582279, 0.0, 0.0, 0.0, 1.0],
                [0.699828, -0.464144, 0.542965, 0.631108, 0.345547, -0.44529, -0.826023, 1.304832, 0.625171, 0.765694, -0.151242, 0.601202, 0.0, 0.0, 0.0, 1.0],
                [0.725009, -0.478843, 0.495047, 0.64659, 0.295592, -0.432879, -0.851611, 1.257154, 0.622083, 0.763758, -0.172299, 0.618939, 0.0, 0.0, 0.0, 1.0],
                [0.747589, -0.492405, 0.445699, 0.659011, 0.244117, -0.420375, -0.873894, 1.209034, 0.617671, 0.762117, -0.194064, 0.635436, 0.0, 0.0, 0.0, 1.0],
                [0.767354, -0.504843, 0.39535, 0.668359, 0.191541, -0.40794, -0.892691, 1.160927, 0.611948, 0.760736, -0.216336, 0.650668, 0.0, 0.0, 0.0, 1.0],
                [0.784154, -0.516195, 0.344449, 0.674692, 0.13831, -0.395719, -0.907897, 1.11328, 0.604957, 0.759572, -0.23891, 0.664634, 0.0, 0.0, 0.0, 1.0],
                [0.79791, -0.526518, 0.293459, 0.678133, 0.08489, -0.38384, -0.919489, 1.066514, 0.596769, 0.758582, -0.261574, 0.677356, 0.0, 0.0, 0.0, 1.0],
                [0.808614, -0.535883, 0.242844, 0.678862, 0.031753, -0.372409, -0.927525, 1.021021, 0.587483, 0.757721, -0.284119, 0.688872, 0.0, 0.0, 0.0, 1.0],
                [0.816326, -0.544372, 0.193055, 0.677109, -0.020633, -0.361512, -0.932139, 0.977153, 0.577223, 0.756946, -0.306343, 0.69924, 0.0, 0.0, 0.0, 1.0],
                [0.821177, -0.552069, 0.144524, 0.673145, -0.071816, -0.35121, -0.933538, 0.935218, 0.566136, 0.756221, -0.328053, 0.708526, 0.0, 0.0, 0.0, 1.0],
                [0.823359, -0.559057, 0.097651, 0.667274, -0.121374, -0.341547, -0.931995, 0.895473, 0.554391, 0.755514, -0.34907, 0.716804, 0.0, 0.0, 0.0, 1.0],
                [0.823117, -0.565413, 0.0528, 0.659821, -0.168914, -0.332547, -0.927836, 0.858129, 0.542169, 0.754799, -0.369231, 0.724154, 0.0, 0.0, 0.0, 1.0],
                [0.820744, -0.571204, 0.010295, 0.651123, -0.214087, -0.324222, -0.921437, 0.823346, 0.529666, 0.75406, -0.388391, 0.730653, 0.0, 0.0, 0.0, 1.0],
                [0.816571, -0.576487, -0.029587, 0.64152, -0.256584, -0.316573, -0.913206, 0.791242, 0.517085, 0.75329, -0.406422, 0.736378, 0.0, 0.0, 0.0, 1.0],
                [0.810954, -0.581305, -0.066613, 0.63135, -0.296142, -0.309593, -0.903577, 0.761892, 0.504632, 0.752487, -0.423214, 0.741401, 0.0, 0.0, 0.0, 1.0],
                [0.804269, -0.585691, -0.100592, 0.620943, -0.33254, -0.303271, -0.892997, 0.73534, 0.492513, 0.751661, -0.438677, 0.745786, 0.0, 0.0, 0.0, 1.0],
                [0.796895, -0.589661, -0.131372, 0.610612, -0.365595, -0.297599, -0.881915, 0.711602, 0.480935, 0.750823, -0.452732, 0.749591, 0.0, 0.0, 0.0, 1.0],
                [0.789215, -0.593222, -0.158834, 0.600653, -0.39516, -0.292568, -0.870777, 0.690672, 0.470094, 0.749995, -0.465316, 0.752864, 0.0, 0.0, 0.0, 1.0],
                [0.781598, -0.596371, -0.182886, 0.591342, -0.421113, -0.288172, -0.860012, 0.672533, 0.460183, 0.749199, -0.476374, 0.755646, 0.0, 0.0, 0.0, 1.0],
                [0.774398, -0.599096, -0.203453, 0.582933, -0.443353, -0.284413, -0.850028, 0.657165, 0.451383, 0.748461, -0.48586, 0.757967, 0.0, 0.0, 0.0, 1.0],
                [0.767943, -0.601379, -0.220471, 0.575654, -0.461788, -0.281297, -0.841204, 0.644548, 0.443864, 0.747808, -0.493729, 0.759852, 0.0, 0.0, 0.0, 1.0],
                [0.762533, -0.603198, -0.233873, 0.569714, -0.476328, -0.278835, -0.833884, 0.634676, 0.437785, 0.747264, -0.499941, 0.761314, 0.0, 0.0, 0.0, 1.0],
                [0.758428, -0.604528, -0.243584, 0.565293, -0.486875, -0.277045, -0.828371, 0.627559, 0.43329, 0.746855, -0.504448, 0.762362, 0.0, 0.0, 0.0, 1.0],
                [0.755848, -0.605344, -0.249507, 0.562549, -0.493311, -0.27595, -0.824922, 0.623234, 0.43051, 0.7466, -0.507199, 0.762996, 0.0, 0.0, 0.0, 1.0],
                [0.75496, -0.605621, -0.251515, 0.56161, -0.495494, -0.275578, -0.823737, 0.62177, 0.429561, 0.746512, -0.508131, 0.76321, 0.0, 0.0, 0.0, 1.0],
                [0.75496, -0.605621, -0.251515, 0.56161, -0.495493, -0.275578, -0.823737, 0.62177, 0.429561, 0.746512, -0.508131, 0.76321, 0.0, 0.0, 0.0, 1.0]
            ]
        },
        {
            "name": "Leg_ik_L",
            "time": [0.0, 0.0167, 0.0333, 0.05, 0.0667, 0.0833, 0.1, 0.1167, 0.1333, 0.15, 0.1667, 0.1833, 0.2, 0.2167, 0.2333, 0.25, 0.2667, 0.2833, 0.3, 0.3167, 0.3333, 0.35, 0.3667, 0.3833, 0.4, 0.4167, 0.4333, 0.45, 0.4667, 0.4833, 0.5, 0.5167, 0.5333, 0.55, 0.5667, 0.5833, 0.6, 0.6167, 0.6333, 0.65, 0.6667, 0.6833, 0.7, 0.7167, 0.7333, 0.75, 0.7667, 0.7833, 0.8, 0.8167, 0.8333, 0.85, 0.8667, 0.8833, 0.9, 0.9167, 0.9333, 0.95, 0.9667, 0.9833, 1.0, 1.0167, 1.0333, 1.05, 1.0667, 1.0833, 1.1, 1.1167, 1.1333, 1.15, 1.1667, 1.1833, 1.2, 1.2167, 1.2333, 1.25, 1.2667, 1.2833, 1.3, 1.3167, 1.3333, 1.35, 1.3667, 1.3833, 1.4, 1.4167, 1.4333, 1.45, 1.4667, 1.4833, 1.5, 1.5167, 1.5333, 1.55, 1.5667, 1.5833, 1.6, 1.6167, 1.6333, 1.65, 1.6667],
            "transform": [
                [1.0, 0.0, 1e-06, -0.394802, 0.0, 1.0, 0.0, 0.246557, -1e-06, 0.0, 1.0, 0.019774, 0.0, 0.0, 0.0, 1.0],
                [1.0, 0.0, 1e-06, -0.394802, 0.0, 1.0, 0.0, 0.246557, -1e-06, 0.0, 1.0, 0.019774, 0.0, 0.0, 0.0, 1.0],
                [1.0, 0.0, 1e-06, -0.394802, 0.0, 1.0, 0.0, 0.246557, -1e-06, 0.0, 1.0, 0.019774, 0.0, 0.0, 0.0, 1.0],
                [1.0, 0.0, 1e-06, -0.394802, 0.0, 1.0, 0.0, 0.246557, -1e-06, 0.0, 1.0, 0.019774, 0.0, 0.0, 0.0, 1.0],
                [1.0, 0.0, 1e-06, -0.394802, 0.0, 1.0, 0.0, 0.246557, -1e-06, 0.0, 1.0, 0.019774, 0.0, 0.0, 0.0, 1.0],
                [1.0, 0.0, 1e-06, -0.394802, 0.0, 1.0, 0.0, 0.246557, -1e-06, 0.0, 1.0, 0.019774, 0.0, 0.0, 0.0, 1.0],
                [1.0, 0.0, 1e-06, -0.394802, 0.0, 1.0, 0.0, 0.246557, -1e-06, 0.0, 1.0, 0.019774, 0.0, 0.0, 0.0, 1.0],
                [1.0, 0.0, 1e-06, -0.394802, 0.0, 1.0, 0.0, 0.246557, -1e-06, 0.0, 1.0, 0.019774, 0.0, 0.0, 0.0, 1.0],
                [1.0, 0.0, 1e-06, -0.394802, 0.0, 1.0, 0.0, 0.246557, -1e-06, 0.0, 1.0, 0.019774, 0.0, 0.0, 0.0, 1.0],
                [1.0, 0.0, 1e-06, -0.394802, 0.0, 1.0, 0.0, 0.246557, -1e-06, 0.0, 1.0, 0.019774, 0.0, 0.0, 0.0, 1.0],
                [1.0, 0.0, 1e-06, -0.394802, 0.0, 1.0, 0.0, 0.246557, -1e-06, 0.0, 1.0, 0.019774, 0.0, 0.0, 0.0, 1.0],
                [1.0, 0.0, 1e-06, -0.394802, 0.0, 1.0, 0.0, 0.246557, -1e-06, 0.0, 1.0, 0.019774, 0.0, 0.0, 0.0, 1.0],
                [1.0, 0.0, 1e-06, -0.394802, 0.0, 1.0, 0.0, 0.246557, -1e-06, 0.0, 1.0, 0.019774, 0.0, 0.0, 0.0, 1.0],
                [1.0, 0.0, 1e-06, -0.394802, 0.0, 1.0, 0.0, 0.246557, -1e-06, 0.0, 1.0, 0.019774, 0.0, 0.0, 0.0, 1.0],
                [1.0, 0.0, 1e-06, -0.394802, 0.0, 1.0, 0.0, 0.246557, -1e-06, 0.0, 1.0, 0.019774, 0.0, 0.0, 0.0, 1.0],
                [1.0, 0.0, 1e-06, -0.394802, 0.0, 1.0, 0.0, 0.246557, -1e-06, 0.0, 1.0, 0.019774, 0.0, 0.0, 0.0, 1.0],
                [1.0, 0.0, 1e-06, -0.394802, 0.0, 1.0, 0.0, 0.246557, -1e-06, 0.0, 1.0, 0.019774, 0.0, 0.0, 0.0, 1.0],
                [1.0, 0.0, 1e-06, -0.394802, 0.0, 1.0, 0.0, 0.246557, -1e-06, 0.0, 1.0, 0.019774, 0.0, 0.0, 0.0, 1.0],
                [1.0, 0.0, 1e-06, -0.394802, 0.0, 1.0, 0.0, 0.246557, -1e-06, 0.0, 1.0, 0.019774, 0.0, 0.0, 0.0, 1.0],
                [1.0, 0.0, 1e-06, -0.394802, 0.0, 1.0, 0.0, 0.246557, -1e-06, 0.0, 1.0, 0.019774, 0.0, 0.0, 0.0, 1.0],
                [1.0, 0.0, 1e-06, -0.394802, 0.0, 1.0, 0.0, 0.246557, -1e-06, 0.0, 1.0, 0.019774, 0.0, 0.0, 0.0, 1.0],
                [1.0, 0.0, 1e-06, -0.394802, 0.0, 1.0, 0.0, 0.246557, -1e-06, 0.0, 1.0, 0.019774, 0.0, 0.0, 0.0, 1.0],
                [1.0, 0.0, 1e-06, -0.394802, 0.0, 1.0, 0.0, 0.246557, -1e-06, 0.0, 1.0, 0.019774, 0.0, 0.0, 0.0, 1.0],
                [1.0, 0.0, 1e-06, -0.394802, 0.0, 1.0, 0.0, 0.246557, -1e-06, 0.0, 1.0, 0.019774, 0.0, 0.0, 0.0, 1.0],
                [1.0, 0.0, 1e-06, -0.394802, 0.0, 1.0, 0.0, 0.246557, -1e-06, 0.0, 1.0, 0.019774, 0.0, 0.0, 0.0, 1.0],
                [1.0, 0.0, 1e-06, -0.394802, 0.0, 1.0, 0.0, 0.246557, -1e-06, 0.0, 1.0, 0.019774, 0.0, 0.0, 0.0, 1.0],
                [1.0, 0.0, 1e-06, -0.394802, 0.0, 1.0, 0.0, 0.246557, -1e-06, 0.0, 1.0, 0.019774, 0.0, 0.0, 0.0, 1.0],
                [1.0, 0.0, 1e-06, -0.388505, 0.0, 1.0, 0.0, 0.246557, -1e-06, 0.0, 1.0, 0.015799, 0.0, 0.0, 0.0, 1.0],
                [1.0, 0.0, 1e-06, -0.373487, 0.0, 1.0, 0.0, 0.246557, -1e-06, 0.0, 1.0, 0.006318, 0.0, 0.0, 0.0, 1.0],
                [1.0, 0.0, 1e-06, -0.355564, 0.0, 1.0, 0.0, 0.246557, -1e-06, 0.0, 1.0, -0.004997, 0.0, 0.0, 0.0, 1.0],
                [1.0, 0.0, 1e-06, -0.340546, 0.0, 1.0, 0.0, 0.246557, -1e-06, 0.0, 1.0, -0.014477, 0.0, 0.0, 0.0, 1.0],
                [1.0, 0.0, 1e-06, -0.334249, 0.0, 1.0, 0.0, 0.246557, -1e-06, 0.0, 1.0, -0.018452, 0.0, 0.0, 0.0, 1.0],
                [1.0, 0.0, 1e-06, -0.334249, 0.0, 1.0, 0.0, 0.246557, -1e-06, 0.0, 1.0, -0.018452, 0.0, 0.0, 0.0, 1.0],
                [1.0, 0.0, 1e-06, -0.334249, 0.0, 1.0, 0.0, 0.246557, -1e-06, 0.0, 1.0, -0.018452, 0.0, 0.0, 0.0, 1.0],
                [1.0, 0.0, 1e-06, -0.334249, 0.0, 1.0, 0.0, 0.246557, -1e-06, 0.0, 1.0, -0.018452, 0.0, 0.0, 0.0, 1.0],
                [1.0, 0.0, 1e-06, -0.334249, 0.0, 1.0, 0.0, 0.246557, -1e-06, 0.0, 1.0, -0.018452, 0.0, 0.0, 0.0, 1.0],
                [1.0, 0.0, 1e-06, -0.334249, 0.0, 1.0, 0.0, 0.246557, -1e-06, 0.0, 1.0, -0.018452, 0.0, 0.0, 0.0, 1.0],
                [1.0, 0.0, 1e-06, -0.334249, 0.0, 1.0, 0.0, 0.246557, -1e-06, 0.0, 1.0, -0.018452, 0.0, 0.0, 0.0, 1.0],
                [1.0, 0.0, 1e-06, -0.334249, 0.0, 1.0, 0.0, 0.246557, -1e-06, 0.0, 1.0, -0.018452, 0.0, 0.0, 0.0, 1.0],
                [1.0, 0.0, 1e-06, -0.334258, 0.0, 1.0, 0.0, 0.246706, -1e-06, 0.0, 1.0, -0.018447, 0.0, 0.0, 0.0, 1.0],
                [1.0, 0.0, 1e-06, -0.334288, 0.0, 1.0, 0.0, 0.24717, -1e-06, 0.0, 1.0, -0.018432, 0.0, 0.0, 0.0, 1.0],
