{
    "animation": [
        {
            "name": "Tool_s_L",
            "time": [0.0, 0.0167, 0.0333, 0.05, 0.0667, 0.0833, 0.1, 0.1167, 0.1333, 0.15, 0.1667, 0.1833, 0.2, 0.2167, 0.2333, 0.25, 0.2667, 0.2833, 0.3, 0.3167, 0.3333, 0.35, 0.3667, 0.3833, 0.4, 0.4167, 0.4333, 0.45, 0.4667, 0.4833, 0.5, 0.5167, 0.5333, 0.55, 0.5667, 0.5833, 0.6, 0.6167, 0.6333, 0.65, 0.6667, 0.6833, 0.7, 0.7167, 0.7333, 0.75, 0.7667, 0.7833, 0.8, 0.8167, 0.8333, 0.85, 0.8667, 0.8833, 0.9, 0.9167, 0.9333, 0.95, 0.9667, 0.9833, 1.0, 1.0167, 1.0333, 1.05, 1.0667, 1.0833, 1.1, 1.1167, 1.1333, 1.15, 1.1667, 1.1833, 1.2, 1.2167, 1.2333, 1.25, 1.2667, 1.2833, 1.3, 1.3167, 1.3333, 1.35, 1.3667, 1.3833, 1.4, 1.4167, 1.4333, 1.45, 1.4667, 1.4833, 1.5, 1.5167, 1.5333, 1.55, 1.5667, 1.5833, 1.6],
            "transform": [
                [0.796178, 0.175944, -0.578916, -0.548592, -0.396044, -0.571809, -0.718459, 0.328396, -0.457438, 0.801298, -0.38558, 0.743813, 0.0, 0.0, 0.0, 1.0],
                [0.825265, 0.169163, -0.538814, -0.550909, -0.37193, -0.555156, -0.743955, 0.30162, -0.424976, 0.814362, -0.395234, 0.736407, 0.0, 0.0, 0.0, 1.0],
                [0.896614, 0.147216, -0.417625, -0.553539, -0.290341, -0.51665, -0.805465, 0.230689, -0.334344, 0.843445, -0.420493, 0.719504, 0.0, 0.0, 0.0, 1.0],
                [0.971616, 0.111553, -0.208609, -0.549258, -0.13072, -0.481793, -0.86648, 0.132812, -0.197164, 0.869155, -0.453536, 0.703106, 0.0, 0.0, 0.0, 1.0],
                [0.993668, 0.08165, 0.077173, -0.536445, 0.107001, -0.478371, -0.871614, 0.028526, -0.03425, 0.874353, -0.48408, 0.696162, 0.0, 0.0, 0.0, 1.0],
                [0.918456, 0.093792, 0.384242, -0.522559, 0.375512, -0.511878, -0.772639, -0.065742, 0.124218, 0.853922, -0.505358, 0.702084, 0.0, 0.0, 0.0, 1.0],
                [0.758003, 0.167516, 0.630373, -0.516424, 0.601616, -0.552915, -0.576492, -0.145029, 0.251971, 0.816225, -0.519891, 0.717592, 0.0, 0.0, 0.0, 1.0],
                [0.574928, 0.278637, 0.769298, -0.518455, 0.744471, -0.568211, -0.35057, -0.210757, 0.339441, 0.774273, -0.534117, 0.73619, 0.0, 0.0, 0.0, 1.0],
                [0.429991, 0.380528, 0.818722, -0.523, 0.81382, -0.556, -0.168998, -0.26068, 0.390901, 0.738961, -0.548756, 0.751966, 0.0, 0.0, 0.0, 1.0],
                [0.355287, 0.437075, 0.826278, -0.525766, 0.838273, -0.540103, -0.074747, -0.287552, 0.413606, 0.719204, -0.55828, 0.760652, 0.0, 0.0, 0.0, 1.0],
                [0.324261, 0.461414, 0.825804, -0.526996, 0.846367, -0.531422, -0.035406, -0.299156, 0.422513, 0.710414, -0.562845, 0.764435, 0.0, 0.0, 0.0, 1.0],
                [0.298558, 0.482126, 0.82366, -0.528128, 0.852123, -0.523335, -0.002543, -0.309066, 0.429824, 0.702619, -0.567077, 0.767703, 0.0, 0.0, 0.0, 1.0],
                [0.277569, 0.499475, 0.820658, -0.529151, 0.856168, -0.516115, 0.024543, -0.317407, 0.435812, 0.695809, -0.570892, 0.770483, 0.0, 0.0, 0.0, 1.0],
                [0.260692, 0.513765, 0.817364, -0.530058, 0.858972, -0.509902, 0.046542, -0.324311, 0.440687, 0.68996, -0.574238, 0.77281, 0.0, 0.0, 0.0, 1.0],
                [0.247356, 0.525319, 0.814159, -0.530846, 0.86089, -0.504735, 0.064116, -0.329917, 0.444616, 0.685042, -0.577091, 0.774717, 0.0, 0.0, 0.0, 1.0],
                [0.237016, 0.534462, 0.811279, -0.531509, 0.862184, -0.500573, 0.077884, -0.334371, 0.44773, 0.681012, -0.579448, 0.776246, 0.0, 0.0, 0.0, 1.0],
                [0.229159, 0.541516, 0.808855, -0.532042, 0.863055, -0.497309, 0.088427, -0.33782, 0.450136, 0.677823, -0.581321, 0.777436, 0.0, 0.0, 0.0, 1.0],
                [0.223299, 0.546796, 0.80694, -0.532435, 0.863658, -0.494797, 0.096288, -0.340418, 0.451921, 0.675419, -0.582732, 0.77833, 0.0, 0.0, 0.0, 1.0],
                [0.21897, 0.550607, 0.805533, -0.532676, 0.864115, -0.492853, 0.101985, -0.342315, 0.453163, 0.673742, -0.583708, 0.778969, 0.0, 0.0, 0.0, 1.0],
                [0.215727, 0.55325, 0.804597, -0.532751, 0.864529, -0.491275, 0.10601, -0.343669, 0.453928, 0.672729, -0.584282, 0.779394, 0.0, 0.0, 0.0, 1.0],
                [0.213131, 0.555017, 0.804072, -0.532646, 0.864989, -0.489845, 0.108842, -0.344633, 0.454279, 0.672315, -0.584484, 0.779648, 0.0, 0.0, 0.0, 1.0],
                [0.210753, 0.556198, 0.803882, -0.532344, 0.865573, -0.488337, 0.110949, -0.345364, 0.454276, 0.672436, -0.584349, 0.779771, 0.0, 0.0, 0.0, 1.0],
                [0.208165, 0.557079, 0.803946, -0.531826, 0.866358, -0.486519, 0.112799, -0.346019, 0.453973, 0.673024, -0.583906, 0.779806, 0.0, 0.0, 0.0, 1.0],
                [0.204937, 0.557944, 0.804176, -0.531071, 0.867414, -0.48415, 0.114855, -0.346753, 0.453425, 0.674016, -0.583188, 0.779793, 0.0, 0.0, 0.0, 1.0],
                [0.31403, 0.447052, 0.837574, -0.530639, 0.755376, -0.652076, 0.064831, -0.126403, 0.575145, 0.612325, -0.542464, 0.715449, 0.0, 0.0, 0.0, 1.0],
                [0.689842, 0.045604, 0.722522, -0.497657, 0.199871, -0.971223, -0.129528, 0.552262, 0.695823, 0.233765, -0.679105, 0.687708, 0.0, 0.0, 0.0, 1.0],
                [0.97946, -0.192317, 0.060598, -0.435602, -0.185744, -0.977495, -0.100013, 1.210149, 0.078469, 0.086703, -0.993139, 0.834045, 0.0, 0.0, 0.0, 1.0],
                [0.865916, -0.024012, -0.499612, -0.441523, -0.04695, -0.998339, -0.03339, 1.610544, -0.497981, 0.052369, -0.865605, 0.920683, 0.0, 0.0, 0.0, 1.0],
                [0.746157, 0.069805, -0.6621, -0.448422, 0.054712, -0.997553, -0.043515, 1.762681, -0.663518, -0.003756, -0.748151, 0.94674, 0.0, 0.0, 0.0, 1.0],
                [0.746157, 0.069805, -0.6621, -0.448422, 0.054711, -0.997553, -0.043515, 1.773378, -0.663518, -0.003756, -0.748151, 0.94674, 0.0, 0.0, 0.0, 1.0],
                [0.746157, 0.069805, -0.6621, -0.448422, 0.054711, -0.997553, -0.043515, 1.782548, -0.663518, -0.003755, -0.748151, 0.94674, 0.0, 0.0, 0.0, 1.0],
                [0.746157, 0.069805, -0.6621, -0.448422, 0.054711, -0.997553, -0.043515, 1.790318, -0.663518, -0.003755, -0.748151, 0.94674, 0.0, 0.0, 0.0, 1.0],
                [0.746157, 0.069805, -0.6621, -0.448422, 0.054711, -0.997553, -0.043515, 1.796814, -0.663518, -0.003755, -0.748151, 0.94674, 0.0, 0.0, 0.0, 1.0],
                [0.746157, 0.069805, -0.6621, -0.448422, 0.054711, -0.997553, -0.043515, 1.802161, -0.663518, -0.003755, -0.748151, 0.94674, 0.0, 0.0, 0.0, 1.0],
                [0.746157, 0.069805, -0.6621, -0.448422, 0.054711, -0.997553, -0.043515, 1.806485, -0.663518, -0.003755, -0.748151, 0.94674, 0.0, 0.0, 0.0, 1.0],
                [0.746157, 0.069805, -0.6621, -0.448422, 0.054711, -0.997553, -0.043515, 1.809914, -0.663518, -0.003755, -0.748151, 0.94674, 0.0, 0.0, 0.0, 1.0],
                [0.746157, 0.069805, -0.6621, -0.448422, 0.054711, -0.997553, -0.043515, 1.812572, -0.663518, -0.003755, -0.748151, 0.94674, 0.0, 0.0, 0.0, 1.0],
                [0.746157, 0.069805, -0.6621, -0.448422, 0.054711, -0.997553, -0.043515, 1.814585, -0.663518, -0.003755, -0.748151, 0.94674, 0.0, 0.0, 0.0, 1.0],
                [0.746157, 0.069805, -0.6621, -0.448422, 0.054711, -0.997553, -0.043515, 1.81608, -0.663518, -0.003755, -0.748151, 0.94674, 0.0, 0.0, 0.0, 1.0],
                [0.746157, 0.069805, -0.6621, -0.448422, 0.054711, -0.997553, -0.043515, 1.817183, -0.663518, -0.003755, -0.748151, 0.94674, 0.0, 0.0, 0.0, 1.0],
                [0.746157, 0.069805, -0.6621, -0.448422, 0.054711, -0.997553, -0.043515, 1.818019, -0.663518, -0.003755, -0.748151, 0.94674, 0.0, 0.0, 0.0, 1.0],
                [0.746157, 0.069805, -0.6621, -0.448422, 0.054711, -0.997553, -0.043515, 1.818716, -0.663518, -0.003755, -0.748151, 0.94674, 0.0, 0.0, 0.0, 1.0],
                [0.746157, 0.069805, -0.6621, -0.448422, 0.054711, -0.997553, -0.043515, 1.819398, -0.663518, -0.003755, -0.748151, 0.94674, 0.0, 0.0, 0.0, 1.0],
                [0.746157, 0.069805, -0.6621, -0.448422, 0.054711, -0.997553, -0.043515, 1.820192, -0.663518, -0.003755, -0.748151, 0.94674, 0.0, 0.0, 0.0, 1.0],
                [0.746037, 0.069978, -0.662217, -0.448528, 0.054508, -0.997543, -0.044005, 1.820945, -0.663669, -0.003267, -0.748019, 0.946717, 0.0, 0.0, 0.0, 1.0],
                [0.745685, 0.070493, -0.662559, -0.448843, 0.053904, -0.99751, -0.045463, 1.821425, -0.664114, -0.001813, -0.747629, 0.946642, 0.0, 0.0, 0.0, 1.0],
                [0.745112, 0.071348, -0.663112, -0.449371, 0.052897, -0.997451, -0.047883, 1.821627, -0.664838, 0.000601, -0.746987, 0.946494, 0.0, 0.0, 0.0, 1.0],
                [0.74433, 0.072548, -0.663859, -0.450117, 0.051479, -0.997356, -0.051275, 1.821543, -0.665825, 0.003991, -0.746097, 0.946242, 0.0, 0.0, 0.0, 1.0],
                [0.743355, 0.074106, -0.66478, -0.451094, 0.049631, -0.997215, -0.055668, 1.821158, -0.667054, 0.008388, -0.744963, 0.945843, 0.0, 0.0, 0.0, 1.0],
                [0.742201, 0.076037, -0.665849, -0.452316, 0.047327, -0.997009, -0.0611, 1.820446, -0.668503, 0.013835, -0.74358, 0.945246, 0.0, 0.0, 0.0, 1.0],
                [0.740888, 0.078359, -0.667041, -0.453803, 0.044538, -0.996717, -0.067619, 1.819381, -0.67015, 0.020389, -0.741946, 0.944396, 0.0, 0.0, 0.0, 1.0],
                [0.739436, 0.081093, -0.668325, -0.455571, 0.041223, -0.996309, -0.07528, 1.817923, -0.671963, 0.028114, -0.74005, 0.943229, 0.0, 0.0, 0.0, 1.0],
                [0.737866, 0.084258, -0.669667, -0.45764, 0.037343, -0.995754, -0.08414, 1.816032, -0.673912, 0.037076, -0.73788, 0.941681, 0.0, 0.0, 0.0, 1.0],
                [0.736206, 0.087875, -0.671028, -0.460028, 0.032853, -0.995005, -0.094258, 1.813657, -0.67596, 0.047348, -0.735416, 0.939686, 0.0, 0.0, 0.0, 1.0],
                [0.734482, 0.09196, -0.672369, -0.46275, 0.027704, -0.994013, -0.105688, 1.810743, -0.678063, 0.058999, -0.732632, 0.937183, 0.0, 0.0, 0.0, 1.0],
                [0.732726, 0.096525, -0.673644, -0.465817, 0.021849, -0.992716, -0.118478, 1.807227, -0.680173, 0.072094, -0.729498, 0.93411, 0.0, 0.0, 0.0, 1.0],
                [0.730973, 0.101575, -0.674804, -0.469237, 0.015242, -0.991043, -0.132667, 1.803043, -0.682236, 0.086691, -0.725974, 0.930416, 0.0, 0.0, 0.0, 1.0],
                [0.729261, 0.107109, -0.6758, -0.473009, 0.007839, -0.988915, -0.148276, 1.798118, -0.68419, 0.102834, -0.722017, 0.926058, 0.0, 0.0, 0.0, 1.0],
                [0.727631, 0.113113, -0.676579, -0.477126, -0.000396, -0.986242, -0.16531, 1.792377, -0.685969, 0.120553, -0.717575, 0.921005, 0.0, 0.0, 0.0, 1.0],
                [0.726125, 0.119564, -0.677087, -0.481571, -0.009494, -0.982927, -0.183753, 1.785743, -0.687497, 0.139856, -0.712593, 0.915239, 0.0, 0.0, 0.0, 1.0],
                [0.724789, 0.126425, -0.677272, -0.48632, -0.019473, -0.978868, -0.203563, 1.778142, -0.688695, 0.160729, -0.707011, 0.908762, 0.0, 0.0, 0.0, 1.0],
                [0.723669, 0.133646, -0.677083, -0.491335, -0.03034, -0.973962, -0.224672, 1.769501, -0.68948, 0.183131, -0.700771, 0.901591, 0.0, 0.0, 0.0, 1.0],
                [0.72281, 0.141159, -0.676476, -0.496572, -0.042083, -0.968107, -0.246979, 1.759758, -0.689764, 0.206987, -0.693816, 0.893767, 0.0, 0.0, 0.0, 1.0],
                [0.722255, 0.148886, -0.675411, -0.501975, -0.054677, -0.961207, -0.270355, 1.748861, -0.689462, 0.232195, -0.686096, 0.885349, 0.0, 0.0, 0.0, 1.0],
                [0.722044, 0.156733, -0.673859, -0.507481, -0.068076, -0.953179, -0.294643, 1.736776, -0.688489, 0.258619, -0.677568, 0.876417, 0.0, 0.0, 0.0, 1.0],
                [0.722212, 0.164596, -0.671802, -0.513016, -0.082213, -0.94396, -0.319658, 1.723487, -0.686768, 0.286091, -0.668207, 0.867069, 0.0, 0.0, 0.0, 1.0],
                [0.722784, 0.172359, -0.669235, -0.518507, -0.097004, -0.933507, -0.345187, 1.709003, -0.684232, 0.314414, -0.658004, 0.857421, 0.0, 0.0, 0.0, 1.0],
                [0.723778, 0.179904, -0.666167, -0.523874, -0.112347, -0.92181, -0.371005, 1.693358, -0.680825, 0.343367, -0.646974, 0.847598, 0.0, 0.0, 0.0, 1.0],
                [0.725202, 0.18711, -0.662624, -0.529041, -0.128125, -0.908886, -0.396874, 1.676615, -0.676509, 0.372713, -0.635153, 0.837735, 0.0, 0.0, 0.0, 1.0],
                [0.727051, 0.193859, -0.658646, -0.533934, -0.14421, -0.894793, -0.422551, 1.658863, -0.671267, 0.4022, -0.622604, 0.827968, 0.0, 0.0, 0.0, 1.0],
                [0.72931, 0.200042, -0.654285, -0.538488, -0.160464, -0.879617, -0.4478, 1.640222, -0.665099, 0.431575, -0.609414, 0.818431, 0.0, 0.0, 0.0, 1.0],
                [0.731952, 0.205562, -0.649608, -0.542645, -0.17675, -0.863483, -0.472395, 1.620831, -0.658031, 0.460589, -0.595695, 0.809247, 0.0, 0.0, 0.0, 1.0],
                [0.734939, 0.210337, -0.644688, -0.546361, -0.192931, -0.84654, -0.496133, 1.600852, -0.650109, 0.489008, -0.581575, 0.800527, 0.0, 0.0, 0.0, 1.0],
                [0.738225, 0.214306, -0.639606, -0.549605, -0.208877, -0.828964, -0.518834, 1.58046, -0.641399, 0.516616, -0.567199, 0.792365, 0.0, 0.0, 0.0, 1.0],
                [0.741758, 0.217428, -0.634444, -0.55236, -0.224468, -0.810946, -0.540352, 1.559839, -0.631988, 0.543224, -0.55272, 0.784832, 0.0, 0.0, 0.0, 1.0],
                [0.74548, 0.219685, -0.629283, -0.554623, -0.2396, -0.792686, -0.560572, 1.539174, -0.621973, 0.568672, -0.538295, 0.777981, 0.0, 0.0, 0.0, 1.0],
                [0.749331, 0.22108, -0.6242, -0.556401, -0.254184, -0.774385, -0.579412, 1.518648, -0.611467, 0.592833, -0.524076, 0.771839, 0.0, 0.0, 0.0, 1.0],
                [0.753253, 0.221637, -0.619264, -0.557718, -0.268146, -0.756239, -0.596825, 1.498433, -0.60059, 0.615613, -0.510208, 0.766416, 0.0, 0.0, 0.0, 1.0],
                [0.757186, 0.221399, -0.614534, -0.558602, -0.28143, -0.738431, -0.612794, 1.478689, -0.589463, 0.636948, -0.496821, 0.761701, 0.0, 0.0, 0.0, 1.0],
                [0.761078, 0.220426, -0.61006, -0.559093, -0.293996, -0.721127, -0.62733, 1.45956, -0.57821, 0.656802, -0.484029, 0.757667, 0.0, 0.0, 0.0, 1.0],
                [0.76488, 0.218788, -0.60588, -0.559232, -0.305818, -0.704472, -0.640464, 1.441171, -0.566951, 0.675167, -0.471928, 0.754275, 0.0, 0.0, 0.0, 1.0],
                [0.76855, 0.216568, -0.60202, -0.559068, -0.316882, -0.688591, -0.652249, 1.423628, -0.555802, 0.692055, -0.46059, 0.751477, 0.0, 0.0, 0.0, 1.0],
                [0.772053, 0.213858, -0.598497, -0.558649, -0.327183, -0.673583, -0.66275, 1.407018, -0.544872, 0.707496, -0.450071, 0.749216, 0.0, 0.0, 0.0, 1.0],
                [0.775359, 0.210752, -0.595317, -0.558022, -0.336726, -0.659524, -0.672044, 1.391411, -0.53426, 0.721534, -0.440402, 0.747432, 0.0, 0.0, 0.0, 1.0],
                [0.778446, 0.207347, -0.592477, -0.557236, -0.345519, -0.646472, -0.680214, 1.376858, -0.52406, 0.734222, -0.431601, 0.746066, 0.0, 0.0, 0.0, 1.0],
                [0.781297, 0.203742, -0.58997, -0.556334, -0.353573, -0.634463, -0.687345, 1.3634, -0.514355, 0.745618, -0.423666, 0.745056, 0.0, 0.0, 0.0, 1.0],
                [0.783902, 0.200036, -0.587779, -0.55536, -0.360902, -0.623519, -0.693523, 1.35106, -0.50522, 0.755784, -0.416584, 0.744343, 0.0, 0.0, 0.0, 1.0],
                [0.786253, 0.196322, -0.585887, -0.554353, -0.36752, -0.613647, -0.698832, 1.339857, -0.496724, 0.764784, -0.41033, 0.743874, 0.0, 0.0, 0.0, 1.0],
                [0.78835, 0.192692, -0.584272, -0.553348, -0.373438, -0.604847, -0.703352, 1.3298, -0.488925, 0.772677, -0.404873, 0.743598, 0.0, 0.0, 0.0, 1.0],
                [0.790192, 0.189233, -0.582912, -0.552377, -0.378666, -0.597107, -0.707159, 1.320895, -0.481879, 0.779521, -0.400173, 0.743467, 0.0, 0.0, 0.0, 1.0],
                [0.791782, 0.186029, -0.581786, -0.55147, -0.383212, -0.590417, -0.710321, 1.313143, -0.475637, 0.785366, -0.396193, 0.743441, 0.0, 0.0, 0.0, 1.0],
                [0.793122, 0.183154, -0.580871, -0.550652, -0.387078, -0.584762, -0.712898, 1.306548, -0.470242, 0.790258, -0.392893, 0.743484, 0.0, 0.0, 0.0, 1.0],
                [0.794218, 0.18068, -0.580149, -0.549946, -0.390264, -0.580131, -0.714942, 1.301115, -0.465738, 0.79423, -0.390238, 0.743564, 0.0, 0.0, 0.0, 1.0],
                [0.79507, 0.17867, -0.579603, -0.549372, -0.392765, -0.576516, -0.716494, 1.296851, -0.462166, 0.797312, -0.388196, 0.743655, 0.0, 0.0, 0.0, 1.0],
                [0.795683, 0.17718, -0.57922, -0.548945, -0.394573, -0.573916, -0.717588, 1.293773, -0.459566, 0.799517, -0.386745, 0.743737, 0.0, 0.0, 0.0, 1.0],
                [0.796053, 0.176258, -0.578993, -0.548682, -0.395672, -0.572341, -0.71824, 1.291901, -0.457977, 0.800849, -0.385874, 0.743793, 0.0, 0.0, 0.0, 1.0],
                [0.796178, 0.175944, -0.578916, -0.548592, -0.396044, -0.571809, -0.718459, 1.291268, -0.457438, 0.801298, -0.385581, 0.743813, 0.0, 0.0, 0.0, 1.0]
            ]
        },
        {
            "name": "Tool_s_R",
            "time": [0.0, 0.0167, 0.0333, 0.05, 0.0667, 0.0833, 0.1, 0.1167, 0.1333, 0.15, 0.1667, 0.1833, 0.2, 0.2167, 0.2333, 0.25, 0.2667, 0.2833, 0.3, 0.3167, 0.3333, 0.35, 0.3667, 0.3833, 0.4, 0.4167, 0.4333, 0.45, 0.4667, 0.4833, 0.5, 0.5167, 0.5333, 0.55, 0.5667, 0.5833, 0.6, 0.6167, 0.6333, 0.65, 0.6667, 0.6833, 0.7, 0.7167, 0.7333, 0.75, 0.7667, 0.7833, 0.8, 0.8167, 0.8333, 0.85, 0.8667, 0.8833, 0.9, 0.9167, 0.9333, 0.95, 0.9667, 0.9833, 1.0, 1.0167, 1.0333, 1.05, 1.0667, 1.0833, 1.1, 1.1167, 1.1333, 1.15, 1.1667, 1.1833, 1.2, 1.2167, 1.2333, 1.25, 1.2667, 1.2833, 1.3, 1.3167, 1.3333, 1.35, 1.3667, 1.3833, 1.4, 1.4167, 1.4333, 1.45, 1.4667, 1.4833, 1.5, 1.5167, 1.5333, 1.55, 1.5667, 1.5833, 1.6],
            "transform": [
                [0.75496, -0.605621, -0.251515, 0.600538, -0.495493, -0.275578, -0.823737, -0.176251, 0.429561, 0.746512, -0.508131, 0.76321, 0.0, 0.0, 0.0, 1.0],
                [0.764655, -0.581032, -0.278754, 0.589368, -0.508949, -0.279134, -0.814282, -0.185582, 0.395314, 0.764517, -0.509157, 0.753398, 0.0, 0.0, 0.0, 1.0],
                [0.778739, -0.516162, -0.35657, 0.559238, -0.550228, -0.28893, -0.783434, -0.210647, 0.301355, 0.806286, -0.509008, 0.731089, 0.0, 0.0, 0.0, 1.0],
                [0.765687, -0.430796, -0.477638, 0.517112, -0.621626, -0.304846, -0.721561, -0.245896, 0.16524, 0.849402, -0.501211, 0.709556, 0.0, 0.0, 0.0, 1.0],
                [0.69749, -0.35601, -0.621905, 0.473976, -0.716413, -0.326872, -0.616366, -0.283903, 0.016149, 0.875449, -0.48304, 0.700186, 0.0, 0.0, 0.0, 1.0],
                [0.572258, -0.323702, -0.753484, 0.441969, -0.812361, -0.349474, -0.466838, -0.31786, -0.112206, 0.879253, -0.462952, 0.706659, 0.0, 0.0, 0.0, 1.0],
                [0.421623, -0.34432, -0.838855, 0.427096, -0.884221, -0.361147, -0.296187, -0.344745, -0.200967, 0.866613, -0.456722, 0.724464, 0.0, 0.0, 0.0, 1.0],
                [0.28796, -0.398922, -0.870598, 0.425953, -0.923594, -0.355949, -0.142387, -0.364586, -0.253087, 0.845081, -0.470941, 0.745872, 0.0, 0.0, 0.0, 1.0],
                [0.196795, -0.455979, -0.867961, 0.430534, -0.939452, -0.341003, -0.033861, -0.377752, -0.280537, 0.822071, -0.495478, 0.76411, 0.0, 0.0, 0.0, 1.0],
                [0.153877, -0.48963, -0.858245, 0.434224, -0.943945, -0.329567, 0.018777, -0.384135, -0.292043, 0.807247, -0.512897, 0.774196, 0.0, 0.0, 0.0, 1.0],
                [0.136819, -0.504426, -0.852546, 0.435992, -0.945104, -0.324289, 0.040199, -0.386671, -0.296748, 0.800245, -0.521104, 0.77853, 0.0, 0.0, 0.0, 1.0],
                [0.123003, -0.517026, -0.847086, 0.437574, -0.945634, -0.320017, 0.058013, -0.38864, -0.301075, 0.793897, -0.528281, 0.782155, 0.0, 0.0, 0.0, 1.0],
                [0.111933, -0.527558, -0.842113, 0.438955, -0.945735, -0.316703, 0.072699, -0.390136, -0.305052, 0.788278, -0.534379, 0.785128, 0.0, 0.0, 0.0, 1.0],
                [0.10317, -0.536191, -0.837768, 0.440133, -0.945558, -0.314246, 0.08468, -0.391245, -0.308669, 0.783422, -0.53942, 0.787518, 0.0, 0.0, 0.0, 1.0],
                [0.096334, -0.543122, -0.834109, 0.441113, -0.945221, -0.312507, 0.09432, -0.392046, -0.311892, 0.779332, -0.543476, 0.7894, 0.0, 0.0, 0.0, 1.0],
                [0.091087, -0.548567, -0.83113, 0.441908, -0.944821, -0.311324, 0.101935, -0.392614, -0.314669, 0.775984, -0.546655, 0.79085, 0.0, 0.0, 0.0, 1.0],
                [0.087134, -0.55275, -0.828779, 0.442533, -0.944437, -0.310513, 0.107801, -0.393016, -0.316934, 0.773337, -0.549094, 0.791948, 0.0, 0.0, 0.0, 1.0],
                [0.084213, -0.555901, -0.826972, 0.443007, -0.944136, -0.309883, 0.112164, -0.393318, -0.318617, 0.771328, -0.550942, 0.792774, 0.0, 0.0, 0.0, 1.0],
                [0.082085, -0.558255, -0.825599, 0.443349, -0.943978, -0.309234, 0.115243, -0.393582, -0.319639, 0.769888, -0.552363, 0.793408, 0.0, 0.0, 0.0, 1.0],
                [0.080532, -0.560045, -0.824539, 0.44358, -0.944017, -0.30836, 0.117244, -0.39387, -0.319917, 0.768937, -0.553525, 0.793932, 0.0, 0.0, 0.0, 1.0],
                [0.079346, -0.56151, -0.823657, 0.443722, -0.944304, -0.307052, 0.118358, -0.394244, -0.319365, 0.768392, -0.554599, 0.794425, 0.0, 0.0, 0.0, 1.0],
                [0.078324, -0.562887, -0.822815, 0.443797, -0.944887, -0.305094, 0.11877, -0.394765, -0.31789, 0.768165, -0.555761, 0.794968, 0.0, 0.0, 0.0, 1.0],
                [0.077267, -0.564415, -0.821868, 0.443828, -0.945809, -0.302266, 0.118661, -0.395495, -0.315396, 0.768161, -0.557184, 0.795646, 0.0, 0.0, 0.0, 1.0],
                [0.075973, -0.566333, -0.820668, 0.443835, -0.947112, -0.29834, 0.118202, -0.396495, -0.31178, 0.768284, -0.559046, 0.796542, 0.0, 0.0, 0.0, 1.0],
                [0.284719, -0.432285, -0.855608, 0.473546, -0.831332, -0.555761, 0.004151, -0.173655, -0.477308, 0.710113, -0.517607, 0.717676, 0.0, 0.0, 0.0, 1.0],
                [0.763276, 0.091189, -0.639605, 0.46304, -0.11561, -0.954733, -0.274081, 0.543465, -0.635645, 0.283144, -0.718182, 0.673123, 0.0, 0.0, 0.0, 1.0],
                [0.958356, 0.28433, 0.026641, 0.398266, 0.285207, -0.94821, -0.139841, 1.204635, -0.0145, 0.141616, -0.989816, 0.815268, 0.0, 0.0, 0.0, 1.0],
                [0.858921, 0.0496, 0.509701, 0.428451, 0.079838, -0.996099, -0.037607, 1.610298, 0.505847, 0.072994, -0.859529, 0.910958, 0.0, 0.0, 0.0, 1.0],
                [0.757413, -0.071243, 0.649038, 0.448424, -0.057367, -0.997447, -0.04254, 1.762683, 0.650411, -0.005013, -0.759566, 0.946727, 0.0, 0.0, 0.0, 1.0],
                [0.757413, -0.071243, 0.649038, 0.448424, -0.057367, -0.997447, -0.04254, 1.77338, 0.650411, -0.005013, -0.759566, 0.946727, 0.0, 0.0, 0.0, 1.0],
                [0.757413, -0.071243, 0.649038, 0.448424, -0.057367, -0.997447, -0.04254, 1.78255, 0.650411, -0.005013, -0.759566, 0.946727, 0.0, 0.0, 0.0, 1.0],
                [0.757413, -0.071243, 0.649038, 0.448424, -0.057367, -0.997447, -0.04254, 1.79032, 0.650411, -0.005013, -0.759566, 0.946727, 0.0, 0.0, 0.0, 1.0],
                [0.757413, -0.071243, 0.649038, 0.448424, -0.057367, -0.997447, -0.04254, 1.796815, 0.650411, -0.005013, -0.759566, 0.946727, 0.0, 0.0, 0.0, 1.0],
                [0.757413, -0.071243, 0.649038, 0.448424, -0.057367, -0.997447, -0.04254, 1.802163, 0.650411, -0.005013, -0.759566, 0.946727, 0.0, 0.0, 0.0, 1.0],
                [0.757413, -0.071243, 0.649038, 0.448424, -0.057367, -0.997447, -0.04254, 1.806487, 0.650411, -0.005013, -0.759566, 0.946727, 0.0, 0.0, 0.0, 1.0],
                [0.757413, -0.071243, 0.649038, 0.448424, -0.057367, -0.997447, -0.04254, 1.809915, 0.650411, -0.005013, -0.759566, 0.946727, 0.0, 0.0, 0.0, 1.0],
                [0.757413, -0.071243, 0.649038, 0.448424, -0.057367, -0.997447, -0.04254, 1.812573, 0.650411, -0.005013, -0.759566, 0.946727, 0.0, 0.0, 0.0, 1.0],
                [0.757413, -0.071243, 0.649038, 0.448424, -0.057367, -0.997447, -0.04254, 1.814587, 0.650411, -0.005013, -0.759566, 0.946727, 0.0, 0.0, 0.0, 1.0],
                [0.757413, -0.071243, 0.649038, 0.448424, -0.057367, -0.997447, -0.04254, 1.816082, 0.650411, -0.005013, -0.759566, 0.946727, 0.0, 0.0, 0.0, 1.0],
                [0.757413, -0.071243, 0.649038, 0.448424, -0.057367, -0.997447, -0.04254, 1.817184, 0.650411, -0.005013, -0.759566, 0.946727, 0.0, 0.0, 0.0, 1.0],
                [0.757413, -0.071243, 0.649038, 0.448424, -0.057367, -0.997447, -0.04254, 1.818021, 0.650411, -0.005013, -0.759566, 0.946727, 0.0, 0.0, 0.0, 1.0],
                [0.757413, -0.071243, 0.649038, 0.448424, -0.057367, -0.997447, -0.04254, 1.818717, 0.650411, -0.005013, -0.759566, 0.946727, 0.0, 0.0, 0.0, 1.0],
                [0.757413, -0.071243, 0.649038, 0.448424, -0.057367, -0.997447, -0.04254, 1.8194, 0.650411, -0.005013, -0.759566, 0.946727, 0.0, 0.0, 0.0, 1.0],
                [0.757413, -0.071243, 0.649038, 0.448424, -0.057367, -0.997447, -0.04254, 1.820193, 0.650411, -0.005013, -0.759566, 0.946727, 0.0, 0.0, 0.0, 1.0],
                [0.757168, -0.0723, 0.649207, 0.449284, -0.057903, -0.997373, -0.043542, 1.820572, 0.65065, -0.004623, -0.759365, 0.946849, 0.0, 0.0, 0.0, 1.0],
                [0.756444, -0.075424, 0.649695, 0.451825, -0.059478, -0.997145, -0.04651, 1.819938, 0.651349, -0.00346, -0.75877, 0.947202, 0.0, 0.0, 0.0, 1.0],
                [0.755262, -0.080553, 0.650454, 0.455984, -0.062037, -0.996749, -0.051405, 1.818304, 0.65248, -0.001528, -0.757804, 0.947754, 0.0, 0.0, 0.0, 1.0],
                [0.753644, -0.087633, 0.651415, 0.461703, -0.06552, -0.996152, -0.058208, 1.815662, 0.654009, 0.001187, -0.756486, 0.948463, 0.0, 0.0, 0.0, 1.0],
                [0.751613, -0.09662, 0.652489, 0.468924, -0.069856, -0.99531, -0.066917, 1.811993, 0.655895, 0.004715, -0.754837, 0.949277, 0.0, 0.0, 0.0, 1.0],
                [0.749196, -0.107475, 0.65357, 0.477591, -0.074973, -0.994166, -0.077542, 1.80726, 0.658092, 0.009094, -0.752883, 0.950133, 0.0, 0.0, 0.0, 1.0],
                [0.746423, -0.120162, 0.654534, 0.487642, -0.08079, -0.99265, -0.090102, 1.801418, 0.66055, 0.014375, -0.750645, 0.950963, 0.0, 0.0, 0.0, 1.0],
                [0.743328, -0.134643, 0.655237, 0.499012, -0.087225, -0.99068, -0.10462, 1.794405, 0.663216, 0.020614, -0.748144, 0.951692, 0.0, 0.0, 0.0, 1.0],
                [0.739953, -0.150879, 0.655519, 0.511631, -0.094194, -0.988159, -0.121116, 1.786152, 0.666031, 0.027874, -0.745403, 0.952243, 0.0, 0.0, 0.0, 1.0],
                [0.736344, -0.168826, 0.655206, 0.525418, -0.101611, -0.98498, -0.139605, 1.776578, 0.668934, 0.036221, -0.742438, 0.952534, 0.0, 0.0, 0.0, 1.0],
                [0.732555, -0.188427, 0.654108, 0.540283, -0.10939, -0.981022, -0.160091, 1.765597, 0.671861, 0.045722, -0.739265, 0.952485, 0.0, 0.0, 0.0, 1.0],
                [0.728649, -0.209613, 0.652023, 0.55612, -0.117451, -0.976154, -0.182561, 1.753115, 0.674742, 0.056442, -0.735892, 0.952018, 0.0, 0.0, 0.0, 1.0],
                [0.724693, -0.232296, 0.648737, 0.572808, -0.125715, -0.970235, -0.206982, 1.739035, 0.677508, 0.068442, -0.732325, 0.951057, 0.0, 0.0, 0.0, 1.0],
                [0.720764, -0.256365, 0.644031, 0.590206, -0.134112, -0.963115, -0.23329, 1.723261, 0.680083, 0.081775, -0.72856, 0.949535, 0.0, 0.0, 0.0, 1.0],
                [0.716945, -0.281685, 0.637686, 0.608152, -0.142581, -0.954644, -0.261392, 1.7057, 0.682393, 0.096482, -0.72459, 0.947392, 0.0, 0.0, 0.0, 1.0],
                [0.713322, -0.30809, 0.629485, 0.626465, -0.151073, -0.944671, -0.291158, 1.686267, 0.68436, 0.112592, -0.720399, 0.944579, 0.0, 0.0, 0.0, 1.0],
                [0.709986, -0.335381, 0.619226, 0.644938, -0.159551, -0.933054, -0.322419, 1.664892, 0.685904, 0.130114, -0.715966, 0.941063, 0.0, 0.0, 0.0, 1.0],
                [0.707024, -0.363329, 0.60672, 0.663346, -0.167996, -0.919662, -0.354963, 1.641526, 0.686946, 0.149041, -0.711261, 0.936823, 0.0, 0.0, 0.0, 1.0],
                [0.704522, -0.391671, 0.591813, 0.681444, -0.176404, -0.904389, -0.388538, 1.616143, 0.687408, 0.169335, -0.706255, 0.93186, 0.0, 0.0, 0.0, 1.0],
                [0.702559, -0.420113, 0.574384, 0.698971, -0.18479, -0.887158, -0.422853, 1.588755, 0.687215, 0.190939, -0.700913, 0.926189, 0.0, 0.0, 0.0, 1.0],
                [0.7012, -0.448338, 0.554358, 0.71566, -0.193182, -0.867927, -0.457584, 1.559406, 0.686294, 0.213765, -0.695201, 0.919849, 0.0, 0.0, 0.0, 1.0],
                [0.700495, -0.476012, 0.531713, 0.731241, -0.201627, -0.846706, -0.492377, 1.528186, 0.684582, 0.2377, -0.689091, 0.912893, 0.0, 0.0, 0.0, 1.0],
                [0.700478, -0.502795, 0.506487, 0.745452, -0.210183, -0.823553, -0.526863, 1.495231, 0.682022, 0.262601, -0.682559, 0.905397, 0.0, 0.0, 0.0, 1.0],
                [0.701156, -0.528348, 0.478778, 0.758051, -0.218915, -0.79858, -0.560666, 1.46072, 0.678569, 0.288303, -0.675593, 0.897449, 0.0, 0.0, 0.0, 1.0],
                [0.702518, -0.552353, 0.448747, 0.76882, -0.227894, -0.771959, -0.593417, 1.424878, 0.674191, 0.31462, -0.668193, 0.889151, 0.0, 0.0, 0.0, 1.0],
                [0.704525, -0.574521, 0.416618, 0.77758, -0.237188, -0.743914, -0.624768, 1.387969, 0.66887, 0.341348, -0.660375, 0.880612, 0.0, 0.0, 0.0, 1.0],
                [0.707118, -0.594604, 0.382662, 0.784198, -0.246858, -0.714716, -0.654402, 1.350291, 0.662605, 0.368276, -0.652171, 0.871946, 0.0, 0.0, 0.0, 1.0],
                [0.710216, -0.61241, 0.347201, 0.788592, -0.256956, -0.684676, -0.68205, 1.312162, 0.655414, 0.395188, -0.64363, 0.863266, 0.0, 0.0, 0.0, 1.0],
                [0.713724, -0.627803, 0.310585, 0.790734, -0.267512, -0.654133, -0.707493, 1.273917, 0.64733, 0.42187, -0.634815, 0.854681, 0.0, 0.0, 0.0, 1.0],
                [0.717534, -0.640714, 0.273185, 0.790651, -0.278543, -0.623438, -0.730574, 1.235888, 0.638403, 0.448118, -0.625805, 0.84629, 0.0, 0.0, 0.0, 1.0],
                [0.721535, -0.651141, 0.235379, 0.788427, -0.29004, -0.592944, -0.751195, 1.1984, 0.6287, 0.473744, -0.616687, 0.838179, 0.0, 0.0, 0.0, 1.0],
                [0.725614, -0.659138, 0.197539, 0.784188, -0.301973, -0.562988, -0.769322, 1.161755, 0.618302, 0.498579, -0.607553, 0.830422, 0.0, 0.0, 0.0, 1.0],
                [0.729661, -0.664822, 0.16002, 0.778108, -0.314291, -0.533884, -0.784977, 1.126229, 0.607302, 0.522475, -0.598502, 0.823077, 0.0, 0.0, 0.0, 1.0],
                [0.733581, -0.668352, 0.123146, 0.770389, -0.326924, -0.505909, -0.798233, 1.092062, 0.595802, 0.545309, -0.589626, 0.816186, 0.0, 0.0, 0.0, 1.0],
                [0.737287, -0.669926, 0.087213, 0.76126, -0.339787, -0.479299, -0.809208, 1.059455, 0.583911, 0.566985, -0.581013, 0.809774, 0.0, 0.0, 0.0, 1.0],
                [0.740712, -0.669771, 0.052477, 0.750963, -0.352781, -0.454241, -0.818053, 1.028567, 0.571745, 0.587429, -0.572744, 0.803857, 0.0, 0.0, 0.0, 1.0],
                [0.743801, -0.668126, 0.019153, 0.739748, -0.365797, -0.430877, -0.824947, 0.999518, 0.559421, 0.60659, -0.564886, 0.798435, 0.0, 0.0, 0.0, 1.0],
                [0.746522, -0.665242, -0.012579, 0.727866, -0.378724, -0.409301, -0.830085, 0.972391, 0.547059, 0.624441, -0.557495, 0.7935, 0.0, 0.0, 0.0, 1.0],
                [0.748855, -0.661365, -0.042578, 0.715558, -0.391449, -0.389561, -0.833673, 0.947232, 0.534775, 0.640967, -0.550614, 0.789038, 0.0, 0.0, 0.0, 1.0],
                [0.750798, -0.656734, -0.070735, 0.703058, -0.403857, -0.371666, -0.835921, 0.924059, 0.522688, 0.656175, -0.544273, 0.785026, 0.0, 0.0, 0.0, 1.0],
                [0.752362, -0.651574, -0.096969, 0.690583, -0.41584, -0.355594, -0.837036, 0.902864, 0.510909, 0.670078, -0.538486, 0.78144, 0.0, 0.0, 0.0, 1.0],
                [0.753571, -0.646093, -0.121224, 0.678335, -0.427296, -0.341292, -0.837221, 0.883619, 0.49955, 0.682703, -0.53326, 0.778254, 0.0, 0.0, 0.0, 1.0],
                [0.754455, -0.640481, -0.143461, 0.666498, -0.438126, -0.328685, -0.836667, 0.866281, 0.488716, 0.694082, -0.528589, 0.775442, 0.0, 0.0, 0.0, 1.0],
                [0.755055, -0.634908, -0.163658, 0.65524, -0.448242, -0.317686, -0.835557, 0.850797, 0.47851, 0.70425, -0.524462, 0.772976, 0.0, 0.0, 0.0, 1.0],
                [0.755414, -0.629523, -0.1818, 0.644713, -0.45756, -0.308195, -0.834059, 0.837112, 0.469029, 0.713245, -0.520859, 0.770832, 0.0, 0.0, 0.0, 1.0],
                [0.755579, -0.624455, -0.197879, 0.635052, -0.466006, -0.300109, -0.83233, 0.825164, 0.460367, 0.721104, -0.517756, 0.768988, 0.0, 0.0, 0.0, 1.0],
                [0.755599, -0.619818, -0.211888, 0.626379, -0.473511, -0.293327, -0.83051, 0.814898, 0.452613, 0.727863, -0.515128, 0.767424, 0.0, 0.0, 0.0, 1.0],
                [0.755518, -0.61571, -0.223819, 0.618803, -0.480012, -0.287754, -0.828726, 0.806264, 0.44585, 0.733553, -0.512951, 0.766122, 0.0, 0.0, 0.0, 1.0],
                [0.75538, -0.612213, -0.233659, 0.612423, -0.485449, -0.283303, -0.82709, 0.79922, 0.440159, 0.738197, -0.511199, 0.76507, 0.0, 0.0, 0.0, 1.0],
                [0.755226, -0.609398, -0.241386, 0.607328, -0.489768, -0.279903, -0.825701, 0.793738, 0.435616, 0.741814, -0.509853, 0.764257, 0.0, 0.0, 0.0, 1.0],
                [0.755088, -0.607328, -0.24697, 0.6036, -0.492915, -0.277499, -0.824638, 0.789805, 0.432292, 0.744411, -0.508898, 0.763677, 0.0, 0.0, 0.0, 1.0],
                [0.754994, -0.606054, -0.250366, 0.601314, -0.494841, -0.27606, -0.823968, 0.787424, 0.430253, 0.745982, -0.508324, 0.763327, 0.0, 0.0, 0.0, 1.0],
                [0.75496, -0.605621, -0.251515, 0.600538, -0.495494, -0.275578, -0.823737, 0.786621, 0.429561, 0.746512, -0.508131, 0.76321, 0.0, 0.0, 0.0, 1.0]
            ]
        },
        {
            "name": "Leg_ik_L",
            "time": [0.0, 0.0167, 0.0333, 0.05, 0.0667, 0.0833, 0.1, 0.1167, 0.1333, 0.15, 0.1667, 0.1833, 0.2, 0.2167, 0.2333, 0.25, 0.2667, 0.2833, 0.3, 0.3167, 0.3333, 0.35, 0.3667, 0.3833, 0.4, 0.4167, 0.4333, 0.45, 0.4667, 0.4833, 0.5, 0.5167, 0.5333, 0.55, 0.5667, 0.5833, 0.6, 0.6167, 0.6333, 0.65, 0.6667, 0.6833, 0.7, 0.7167, 0.7333, 0.75, 0.7667, 0.7833, 0.8, 0.8167, 0.8333, 0.85, 0.8667, 0.8833, 0.9, 0.9167, 0.9333, 0.95, 0.9667, 0.9833, 1.0, 1.0167, 1.0333, 1.05, 1.0667, 1.0833, 1.1, 1.1167, 1.1333, 1.15, 1.1667, 1.1833, 1.2, 1.2167, 1.2333, 1.25, 1.2667, 1.2833, 1.3, 1.3167, 1.3333, 1.35, 1.3667, 1.3833, 1.4, 1.4167, 1.4333, 1.45, 1.4667, 1.4833, 1.5, 1.5167, 1.5333, 1.55, 1.5667, 1.5833, 1.6],
            "transform": [
                [1.0, 0.0, 1e-06, -0.349391, 0.0, 1.0, 0.0, 0.284702, -1e-06, 0.0, 1.0, 0.008761, 0.0, 0.0, 0.0, 1.0],
                [1.0, 0.0, 1e-06, -0.349391, 0.0, 1.0, 0.0, 0.284702, -1e-06, 0.0, 1.0, 0.008761, 0.0, 0.0, 0.0, 1.0],
                [1.0, 0.0, 1e-06, -0.349391, 0.0, 1.0, 0.0, 0.284702, -1e-06, 0.0, 1.0, 0.008761, 0.0, 0.0, 0.0, 1.0],
                [1.0, 0.0, 1e-06, -0.349391, 0.0, 1.0, 0.0, 0.284702, -1e-06, 0.0, 1.0, 0.008761, 0.0, 0.0, 0.0, 1.0],
                [1.0, 0.0, 1e-06, -0.349391, 0.0, 1.0, 0.0, 0.284702, -1e-06, 0.0, 1.0, 0.008761, 0.0, 0.0, 0.0, 1.0],
                [1.0, 0.0, 1e-06, -0.349391, 0.0, 1.0, 0.0, 0.284702, -1e-06, 0.0, 1.0, 0.008761, 0.0, 0.0, 0.0, 1.0],
                [1.0, 0.0, 1e-06, -0.349391, 0.0, 1.0, 0.0, 0.284702, -1e-06, 0.0, 1.0, 0.008761, 0.0, 0.0, 0.0, 1.0],
                [1.0, 0.0, 1e-06, -0.349391, 0.0, 1.0, 0.0, 0.284702, -1e-06, 0.0, 1.0, 0.008761, 0.0, 0.0, 0.0, 1.0],
                [1.0, 0.0, 1e-06, -0.349391, 0.0, 1.0, 0.0, 0.284702, -1e-06, 0.0, 1.0, 0.008761, 0.0, 0.0, 0.0, 1.0],
                [1.0, 0.0, 1e-06, -0.349391, 0.0, 1.0, 0.0, 0.284702, -1e-06, 0.0, 1.0, 0.008761, 0.0, 0.0, 0.0, 1.0],
                [1.0, 0.0, 1e-06, -0.349391, 0.0, 1.0, 0.0, 0.284702, -1e-06, 0.0, 1.0, 0.008761, 0.0, 0.0, 0.0, 1.0],
                [1.0, 0.0, 1e-06, -0.349391, 0.0, 1.0, 0.0, 0.284702, -1e-06, 0.0, 1.0, 0.008761, 0.0, 0.0, 0.0, 1.0],
                [1.0, 0.0, 1e-06, -0.349391, 0.0, 1.0, 0.0, 0.284702, -1e-06, 0.0, 1.0, 0.008761, 0.0, 0.0, 0.0, 1.0],
                [1.0, 0.0, 1e-06, -0.349391, 0.0, 1.0, 0.0, 0.284702, -1e-06, 0.0, 1.0, 0.008761, 0.0, 0.0, 0.0, 1.0],
                [1.0, 0.0, 1e-06, -0.349391, 0.0, 1.0, 0.0, 0.284702, -1e-06, 0.0, 1.0, 0.008761, 0.0, 0.0, 0.0, 1.0],
                [1.0, 0.0, 1e-06, -0.349391, 0.0, 1.0, 0.0, 0.284702, -1e-06, 0.0, 1.0, 0.008761, 0.0, 0.0, 0.0, 1.0],
                [1.0, 0.0, 1e-06, -0.349391, 0.0, 1.0, 0.0, 0.284702, -1e-06, 0.0, 1.0, 0.008761, 0.0, 0.0, 0.0, 1.0],
                [1.0, 0.0, 1e-06, -0.349391, 0.0, 1.0, 0.0, 0.284702, -1e-06, 0.0, 1.0, 0.008761, 0.0, 0.0, 0.0, 1.0],
                [1.0, 0.0, 1e-06, -0.349391, 0.0, 1.0, 0.0, 0.284702, -1e-06, 0.0, 1.0, 0.008761, 0.0, 0.0, 0.0, 1.0],
                [1.0, 0.0, 1e-06, -0.349391, 0.0, 1.0, 0.0, 0.284702, -1e-06, 0.0, 1.0, 0.008761, 0.0, 0.0, 0.0, 1.0],
                [1.0, 0.0, 1e-06, -0.349391, 0.0, 1.0, 0.0, 0.284702, -1e-06, 0.0, 1.0, 0.008761, 0.0, 0.0, 0.0, 1.0],
                [1.0, 0.0, 1e-06, -0.349391, 0.0, 1.0, 0.0, 0.284702, -1e-06, 0.0, 1.0, 0.008761, 0.0, 0.0, 0.0, 1.0],
                [1.0, 0.0, 1e-06, -0.349391, 0.0, 1.0, 0.0, 0.284702, -1e-06, 0.0, 1.0, 0.008761, 0.0, 0.0, 0.0, 1.0],
                [1.0, 0.0, 1e-06, -0.349391, 0.0, 1.0, 0.0, 0.284702, -1e-06, 0.0, 1.0, 0.008761, 0.0, 0.0, 0.0, 1.0],
                [1.0, 0.0, 1e-06, -0.349391, 0.0, 1.0, 0.0, 0.284905, -1e-06, 0.0, 1.0, 0.008761, 0.0, 0.0, 0.0, 1.0],
                [1.0, 0.0, 1e-06, -0.349391, 0.0, 1.0, 0.0, 0.285488, -1e-06, 0.0, 1.0, 0.008761, 0.0, 0.0, 0.0, 1.0],
                [1.0, 0.0, 1e-06, -0.349391, 0.0, 1.0, 0.0, 0.286417, -1e-06, 0.0, 1.0, 0.008761, 0.0, 0.0, 0.0, 1.0],
                [1.0, 0.0, 1e-06, -0.349391, 0.0, 1.0, 0.0, 0.287655, -1e-06, 0.0, 1.0, 0.008761, 0.0, 0.0, 0.0, 1.0],
                [1.0, 0.0, 1e-06, -0.349391, 0.0, 1.0, 0.0, 0.289166, -1e-06, 0.0, 1.0, 0.008761, 0.0, 0.0, 0.0, 1.0],
                [1.0, 0.0, 1e-06, -0.349391, 0.0, 1.0, 0.0, 0.290914, -1e-06, 0.0, 1.0, 0.008761, 0.0, 0.0, 0.0, 1.0],
                [1.0, 0.0, 1e-06, -0.349391, 0.0, 1.0, 0.0, 0.292862, -1e-06, 0.0, 1.0, 0.008761, 0.0, 0.0, 0.0, 1.0],
                [1.0, 0.0, 1e-06, -0.349391, 0.0, 1.0, 0.0, 0.294976, -1e-06, 0.0, 1.0, 0.008761, 0.0, 0.0, 0.0, 1.0],
                [1.0, 0.0, 1e-06, -0.349391, 0.0, 1.0, 0.0, 0.297219, -1e-06, 0.0, 1.0, 0.008761, 0.0, 0.0, 0.0, 1.0],
                [1.0, 0.0, 1e-06, -0.349391, 0.0, 1.0, 0.0, 0.299555, -1e-06, 0.0, 1.0, 0.008761, 0.0, 0.0, 0.0, 1.0],
                [1.0, 0.0, 1e-06, -0.349391, 0.0, 1.0, 0.0, 0.301947, -1e-06, 0.0, 1.0, 0.008761, 0.0, 0.0, 0.0, 1.0],
                [1.0, 0.0, 1e-06, -0.349391, 0.0, 1.0, 0.0, 0.30436, -1e-06, 0.0, 1.0, 0.008761, 0.0, 0.0, 0.0, 1.0],
                [1.0, 0.0, 1e-06, -0.349391, 0.0, 1.0, 0.0, 0.306759, -1e-06, 0.0, 1.0, 0.008761, 0.0, 0.0, 0.0, 1.0],
                [1.0, 0.0, 1e-06, -0.349391, 0.0, 1.0, 0.0, 0.309106, -1e-06, 0.0, 1.0, 0.008761, 0.0, 0.0, 0.0, 1.0],
                [1.0, 0.0, 1e-06, -0.349391, 0.0, 1.0, 0.0, 0.311365, -1e-06, 0.0, 1.0, 0.008761, 0.0, 0.0, 0.0, 1.0],
                [1.0, 0.0, 1e-06, -0.349391, 0.0, 1.0, 0.0, 0.313502, -1e-06, 0.0, 1.0, 0.008761, 0.0, 0.0, 0.0, 1.0],
                [1.0, 0.0, 1e-06, -0.349391, 0.0, 1.0, 0.0, 0.315479, -1e-06, 0.0, 1.0, 0.008761, 0.0, 0.0, 0.0, 1.0],
                [1.0, 0.0, 1e-06, -0.349391, 0.0, 1.0, 0.0, 0.317261, -1e-06, 0.0, 1.0, 0.008761, 0.0, 0.0, 0.0, 1.0],
                [1.0, 0.0, 1e-06, -0.349391, 0.0, 1.0, 0.0, 0.318812, -1e-06, 0.0, 1.0, 0.008761, 0.0, 0.0, 0.0, 1.0],
                [1.0, 0.0, 1e-06, -0.349391, 0.0, 1.0, 0.0, 0.320095, -1e-06, 0.0, 1.0, 0.008761, 0.0, 0.0, 0.0, 1.0],
                [1.0, 0.0, 1e-06, -0.349391, 0.0, 1.0, 0.0, 0.321096, -1e-06, 0.0, 1.0, 0.008761, 0.0, 0.0, 0.0, 1.0],
                [1.0, 0.0, 1e-06, -0.349391, 0.0, 1.0, 0.0, 0.321887, -1e-06, 0.0, 1.0, 0.008763, 0.0, 0.0, 0.0, 1.0],
                [1.0, 0.0, 1e-06, -0.349391, 0.0, 1.0, 0.0, 0.322559, -1e-06, 0.0, 1.0, 0.008767, 0.0, 0.0, 0.0, 1.0],
                [1.0, 0.0, 1e-06, -0.349391, 0.0, 1.0, 0.0, 0.323205, -1e-06, 0.0, 1.0, 0.008776, 0.0, 0.0, 0.0, 1.0],
                [1.0, 0.0, 1e-06, -0.349391, 0.0, 1.0, 0.0, 0.323917, -1e-06, 0.0, 1.0, 0.008791, 0.0, 0.0, 0.0, 1.0],
                [1.0, 0.0, 1e-06, -0.349391, 0.0, 1.0, 0.0, 0.324788, -1e-06, 0.0, 1.0, 0.008814, 0.0, 0.0, 0.0, 1.0],
