{
    "animation": [
        {
            "name": "Tool_s_L",
            "time": [0.0, 0.0167, 0.0333, 0.05, 0.0667, 0.0833, 0.1, 0.1167, 0.1333, 0.15, 0.1667, 0.1833, 0.2, 0.2167, 0.2333, 0.25, 0.2667, 0.2833, 0.3, 0.3167, 0.3333, 0.35, 0.3667, 0.3833, 0.4, 0.4167, 0.4333, 0.45, 0.4667, 0.4833, 0.5, 0.5167, 0.5333, 0.55, 0.5667, 0.5833, 0.6, 0.6167, 0.6333, 0.65, 0.6667, 0.6833, 0.7, 0.7167, 0.7333, 0.75, 0.7667, 0.7833, 0.8, 0.8167, 0.8333, 0.85, 0.8667, 0.8833, 0.9, 0.9167, 0.9333, 0.95, 0.9667, 0.9833, 1.0, 1.0167, 1.0333, 1.05, 1.0667, 1.0833, 1.1, 1.1167, 1.1333, 1.15, 1.1667, 1.1833, 1.2, 1.2167, 1.2333, 1.25, 1.2667, 1.2833, 1.3, 1.3167, 1.3333, 1.35, 1.3667, 1.3833, 1.4, 1.4167, 1.4333],
            "transform": [
                [0.282043, -0.207408, 0.936714, 0.098639, -0.120271, 0.961007, 0.249001, -0.57115, -0.951833, -0.182888, 0.2461, 1.230877, 0.0, 0.0, 0.0, 1.0],
                [0.256401, -0.207751, 0.94398, 0.106837, -0.116961, 0.962783, 0.243658, -0.568171, -0.959467, -0.172883, 0.22256, 1.228785, 0.0, 0.0, 0.0, 1.0],
                [0.183032, -0.206472, 0.961181, 0.129385, -0.10709, 0.967692, 0.228263, -0.559742, -0.977257, -0.144712, 0.155008, 1.222027, 0.0, 0.0, 0.0, 1.0],
                [0.066282, -0.197831, 0.977993, 0.162639, -0.090407, 0.974926, 0.203338, -0.546376, -0.993697, -0.101895, 0.046735, 1.209283, 0.0, 0.0, 0.0, 1.0],
                [-0.087691, -0.174756, 0.980699, 0.202244, -0.066439, 0.983326, 0.169284, -0.528359, -0.993929, -0.050312, -0.09784, 1.18938, 0.0, 0.0, 0.0, 1.0],
                [-0.267522, -0.131597, 0.954523, 0.24353, -0.0348, 0.991303, 0.126914, -0.505885, -0.962923, 0.000735, -0.269775, 1.162299, 0.0, 0.0, 0.0, 1.0],
                [-0.45534, -0.067407, 0.887762, 0.282402, 0.004421, 0.996947, 0.077965, -0.47925, -0.890307, 0.039425, -0.453651, 1.129644, 0.0, 0.0, 0.0, 1.0],
                [-0.629358, 0.011944, 0.777024, 0.316298, 0.050269, 0.998414, 0.025369, -0.449094, -0.775488, 0.055026, -0.628959, 1.09422, 0.0, 0.0, 0.0, 1.0],
                [-0.770208, 0.095045, 0.630671, 0.344509, 0.100714, 0.994552, -0.026886, -0.416656, -0.629791, 0.04281, -0.775584, 1.05888, 0.0, 0.0, 0.0, 1.0],
                [-0.867566, 0.169843, 0.467421, 0.367483, 0.152872, 0.985447, -0.074331, -0.383924, -0.473243, 0.006968, -0.880905, 1.025505, 0.0, 0.0, 0.0, 1.0],
                [-0.922593, 0.229154, 0.310338, 0.38568, 0.203641, 0.972535, -0.112722, -0.353574, -0.327645, -0.040799, -0.943919, 0.994851, 0.0, 0.0, 0.0, 1.0],
                [-0.945636, 0.272572, 0.177418, 0.39932, 0.249996, 0.958139, -0.139538, -0.328072, -0.208026, -0.087599, -0.974193, 0.96716, 0.0, 0.0, 0.0, 1.0],
                [-0.950095, 0.303677, 0.071415, 0.409171, 0.290002, 0.944132, -0.15657, -0.307683, -0.114972, -0.128046, -0.985081, 0.942603, 0.0, 0.0, 0.0, 1.0],
                [-0.945398, 0.325737, -0.010822, 0.416087, 0.322908, 0.931655, -0.166579, -0.291924, -0.044179, -0.160978, -0.985968, 0.921507, 0.0, 0.0, 0.0, 1.0],
                [-0.937372, 0.340396, -0.073922, 0.421024, 0.348201, 0.921456, -0.172267, -0.280093, 0.009477, -0.187218, -0.982273, 0.904284, 0.0, 0.0, 0.0, 1.0],
                [-0.929472, 0.347833, -0.122861, 0.424996, 0.365351, 0.914036, -0.176227, -0.271347, 0.051002, -0.208686, -0.976652, 0.891354, 0.0, 0.0, 0.0, 1.0],
                [-0.923636, 0.347111, -0.162513, 0.429028, 0.373722, 0.909714, -0.180977, -0.264741, 0.085021, -0.227892, -0.969967, 0.883122, 0.0, 0.0, 0.0, 1.0],
                [-0.920741, 0.336506, -0.197486, 0.434114, 0.37259, 0.908541, -0.189024, -0.259221, 0.115817, -0.247624, -0.961909, 0.879975, 0.0, 0.0, 0.0, 1.0],
                [-0.920722, 0.31377, -0.231993, 0.44121, 0.361284, 0.910106, -0.202929, -0.253573, 0.147465, -0.270656, -0.951314, 0.882256, 0.0, 0.0, 0.0, 1.0],
                [-0.92246, 0.276362, -0.269614, 0.451234, 0.339459, 0.91323, -0.225341, -0.246346, 0.183944, -0.299391, -0.936231, 0.890203, 0.0, 0.0, 0.0, 1.0],
                [-0.88356, 0.378115, -0.276315, 0.356009, 0.444232, 0.863467, -0.238918, -0.29074, 0.14825, -0.333846, -0.930896, 0.969893, 0.0, 0.0, 0.0, 1.0],
                [-0.656742, 0.707589, -0.260782, -0.04699, 0.754003, 0.610162, -0.243274, -0.282357, -0.013019, -0.356399, -0.934243, 1.144269, 0.0, 0.0, 0.0, 1.0],
                [-0.036005, 0.956467, -0.289612, -0.665021, 0.970615, -0.035528, -0.238, 0.224096, -0.237928, -0.289671, -0.927082, 1.268391, 0.0, 0.0, 0.0, 1.0],
                [0.747936, 0.568709, -0.342289, -0.766243, 0.54509, -0.820506, -0.172182, 1.271198, -0.378772, -0.057797, -0.923683, 1.165396, 0.0, 0.0, 0.0, 1.0],
                [0.857627, -0.381799, -0.344536, -0.077717, -0.439014, -0.892462, -0.10382, 1.916273, -0.267847, 0.240295, -0.933015, 0.890157, 0.0, 0.0, 0.0, 1.0],
                [0.035033, -0.938406, -0.343754, 0.605286, -0.995128, -0.001037, -0.098586, 1.718743, 0.092157, 0.345533, -0.93387, 0.66798, 0.0, 0.0, 0.0, 1.0],
                [-0.790109, -0.478324, -0.38332, 0.76134, -0.480726, 0.871529, -0.096649, 1.253824, 0.380304, 0.107909, -0.918544, 0.62133, 0.0, 0.0, 0.0, 1.0],
                [-0.878122, 0.225779, -0.421813, 0.642911, 0.277937, 0.958355, -0.065634, 1.040686, 0.389427, -0.174873, -0.904304, 0.64982, 0.0, 0.0, 0.0, 1.0],
                [-0.753543, 0.49529, -0.432274, 0.576558, 0.566307, 0.823008, -0.044204, 1.009426, 0.333872, -0.27811, -0.900658, 0.662144, 0.0, 0.0, 0.0, 1.0],
                [-0.735968, 0.52028, -0.433198, 0.569833, 0.592911, 0.804201, -0.041444, 1.00851, 0.326815, -0.287349, -0.900345, 0.663004, 0.0, 0.0, 0.0, 1.0],
                [-0.719743, 0.541625, -0.434295, 0.564082, 0.615766, 0.786961, -0.039042, 1.007727, 0.320628, -0.295524, -0.899924, 0.663851, 0.0, 0.0, 0.0, 1.0],
                [-0.704998, 0.559726, -0.435527, 0.559202, 0.635274, 0.771402, -0.036949, 1.007027, 0.315285, -0.302728, -0.899417, 0.664681, 0.0, 0.0, 0.0, 1.0],
                [-0.691802, 0.574957, -0.436846, 0.555097, 0.651803, 0.757574, -0.03513, 1.006379, 0.310745, -0.309041, -0.89885, 0.665485, 0.0, 0.0, 0.0, 1.0],
                [-0.68018, 0.587653, -0.438199, 0.551677, 0.665686, 0.745477, -0.033558, 1.005772, 0.306947, -0.314528, -0.898251, 0.666253, 0.0, 0.0, 0.0, 1.0],
                [-0.670117, 0.598126, -0.439532, 0.548861, 0.677226, 0.735069, -0.032207, 1.005208, 0.303823, -0.319245, -0.897649, 0.66697, 0.0, 0.0, 0.0, 1.0],
                [-0.661566, 0.606659, -0.440789, 0.546569, 0.686698, 0.726279, -0.031063, 1.004697, 0.301291, -0.323239, -0.897073, 0.667622, 0.0, 0.0, 0.0, 1.0],
                [-0.654461, 0.61351, -0.44191, 0.544729, 0.694349, 0.719008, -0.030108, 1.004261, 0.299266, -0.326544, -0.896553, 0.668189, 0.0, 0.0, 0.0, 1.0],
                [-0.648715, 0.618922, -0.442836, 0.543273, 0.700409, 0.713139, -0.029329, 1.003928, 0.297651, -0.329193, -0.896122, 0.668653, 0.0, 0.0, 0.0, 1.0],
                [-0.644227, 0.623117, -0.443505, 0.542135, 0.705087, 0.708539, -0.028713, 1.003731, 0.296349, -0.331207, -0.895812, 0.668992, 0.0, 0.0, 0.0, 1.0],
                [-0.640886, 0.626306, -0.443854, 0.541251, 0.708582, 0.705063, -0.02824, 1.003709, 0.295258, -0.332606, -0.895654, 0.669185, 0.0, 0.0, 0.0, 1.0],
                [-0.638572, 0.628689, -0.443819, 0.540561, 0.711077, 0.702561, -0.027897, 1.003902, 0.294272, -0.333403, -0.895682, 0.669207, 0.0, 0.0, 0.0, 1.0],
                [-0.63716, 0.630461, -0.443335, 0.540002, 0.71275, 0.700872, -0.027661, 1.004353, 0.293282, -0.333612, -0.895929, 0.669037, 0.0, 0.0, 0.0, 1.0],
                [-0.636521, 0.631809, -0.442333, 0.539516, 0.713773, 0.699836, -0.027511, 1.00511, 0.292179, -0.333237, -0.896428, 0.668648, 0.0, 0.0, 0.0, 1.0],
                [-0.636521, 0.632917, -0.440746, 0.539041, 0.714315, 0.699287, -0.027422, 1.006216, 0.290852, -0.332286, -0.897213, 0.668018, 0.0, 0.0, 0.0, 1.0],
                [-0.637024, 0.633971, -0.438499, 0.538514, 0.714544, 0.699056, -0.027367, 1.00772, 0.289185, -0.330761, -0.898315, 0.667121, 0.0, 0.0, 0.0, 1.0],
                [-0.637891, 0.635153, -0.435518, 0.537875, 0.714626, 0.698974, -0.027318, 1.009669, 0.287065, -0.328659, -0.899765, 0.665932, 0.0, 0.0, 0.0, 1.0],
                [-0.643562, 0.631889, -0.431907, 0.537825, 0.709619, 0.704056, -0.027318, 1.012799, 0.286825, -0.324071, -0.901504, 0.664204, 0.0, 0.0, 0.0, 1.0],
                [-0.65809, 0.619597, -0.427804, 0.539026, 0.69459, 0.718887, -0.027309, 1.017827, 0.290622, -0.31512, -0.903459, 0.661735, 0.0, 0.0, 0.0, 1.0],
                [-0.680514, 0.598193, -0.423161, 0.541338, 0.669415, 0.742396, -0.027057, 1.024862, 0.297968, -0.301683, -0.90565, 0.658557, 0.0, 0.0, 0.0, 1.0],
                [-0.709563, 0.567324, -0.417928, 0.544595, 0.633653, 0.773171, -0.026269, 1.034128, 0.308227, -0.283461, -0.9081, 0.654687, 0.0, 0.0, 0.0, 1.0],
                [-0.74365, 0.526471, -0.412084, 0.548592, 0.586676, 0.809448, -0.024584, 1.045936, 0.320618, -0.260042, -0.910814, 0.650147, 0.0, 0.0, 0.0, 1.0],
                [-0.78085, 0.475076, -0.40568, 0.553055, 0.527805, 0.849091, -0.021579, 1.060671, 0.334208, -0.23097, -0.91376, 0.644971, 0.0, 0.0, 0.0, 1.0],
                [-0.818896, 0.412671, -0.398887, 0.557622, 0.456467, 0.889582, -0.016783, 1.07876, 0.347917, -0.195822, -0.916846, 0.639225, 0.0, 0.0, 0.0, 1.0],
                [-0.855201, 0.339029, -0.392034, 0.56182, 0.372357, 0.928039, -0.009713, 1.100644, 0.36053, -0.154283, -0.919899, 0.633015, 0.0, 0.0, 0.0, 1.0],
                [-0.886904, 0.25432, -0.385644, 0.565042, 0.275612, 0.961269, 7.3e-05, 1.126735, 0.370727, -0.106223, -0.922647, 0.626501, 0.0, 0.0, 0.0, 1.0],
                [-0.910982, 0.159259, -0.380458, 0.566535, 0.166966, 0.985878, 0.012896, 1.157367, 0.377139, -0.051776, -0.924708, 0.619905, 0.0, 0.0, 0.0, 1.0],
                [-0.924393, 0.05524, -0.377419, 0.565406, 0.047879, 0.998436, 0.028864, 1.192735, 0.378423, 0.008612, -0.925592, 0.613508, 0.0, 0.0, 0.0, 1.0],
                [-0.924285, -0.055575, -0.377635, 0.560637, -0.079386, 0.995699, 0.047769, 1.232829, 0.373356, 0.074131, -0.924721, 0.607646, 0.0, 0.0, 0.0, 1.0],
                [-0.908227, -0.170239, -0.382286, 0.551124, -0.211773, 0.97488, 0.068993, 1.277375, 0.360938, 0.143619, -0.921464, 0.602693, 0.0, 0.0, 0.0, 1.0],
                [-0.874457, -0.28508, -0.392498, 0.53575, -0.345522, 0.933944, 0.091452, 1.32578, 0.3405, 0.215587, -0.915195, 0.599035, 0.0, 0.0, 0.0, 1.0],
                [-0.822102, -0.395876, -0.409182, 0.513465, -0.476375, 0.871875, 0.11358, 1.377103, 0.311792, 0.288299, -0.905356, 0.597039, 0.0, 0.0, 0.0, 1.0],
                [-0.751343, -0.498113, -0.432859, 0.483395, -0.599866, 0.788901, 0.133399, 1.430055, 0.275036, 0.359886, -0.891536, 0.597015, 0.0, 0.0, 0.0, 1.0],
                [-0.663471, -0.587338, -0.463508, 0.444943, -0.71167, 0.686604, 0.148658, 1.483044, 0.230935, 0.428495, -0.873533, 0.599179, 0.0, 0.0, 0.0, 1.0],
                [-0.560839, -0.659543, -0.500462, 0.397896, -0.807979, 0.567898, 0.15704, 1.534256, 0.180637, 0.492437, -0.851396, 0.60362, 0.0, 0.0, 0.0, 1.0],
                [-0.446679, -0.711547, -0.542382, 0.342485, -0.885829, 0.436851, 0.156422, 1.581782, 0.125638, 0.550329, -0.825441, 0.610283, 0.0, 0.0, 0.0, 1.0],
                [-0.324826, -0.741302, -0.587331, 0.279424, -0.94335, 0.298375, 0.145128, 1.62376, 0.067661, 0.601201, -0.796228, 0.618968, 0.0, 0.0, 0.0, 1.0],
                [-0.199381, -0.748092, -0.632934, 0.209887, -0.979885, 0.157808, 0.122154, 1.658537, 0.0085, 0.644558, -0.764508, 0.629336, 0.0, 0.0, 0.0, 1.0],
                [-0.07435, -0.732577, -0.676611, 0.135434, -0.995972, 0.020449, 0.087304, 1.684811, -0.050121, 0.680377, -0.731146, 0.64095, 0.0, 0.0, 0.0, 1.0],
                [0.046662, -0.696692, -0.715851, 0.057905, -0.993199, -0.108882, 0.041228, 1.701733, -0.106666, 0.709059, -0.697035, 0.653308, 0.0, 0.0, 0.0, 1.0],
                [0.16069, -0.643412, -0.748465, -0.020724, -0.973969, -0.226208, -0.014646, 1.708975, -0.159886, 0.731335, -0.663013, 0.665894, 0.0, 0.0, 0.0, 1.0],
                [0.26554, -0.576429, -0.772799, -0.09849, -0.941206, -0.328639, -0.078276, 1.706737, -0.208851, 0.748148, -0.629805, 0.678221, 0.0, 0.0, 0.0, 1.0],
                [0.359822, -0.499791, -0.787868, -0.173575, -0.898073, -0.414475, -0.147227, 1.695701, -0.252969, 0.760538, -0.597986, 0.689871, 0.0, 0.0, 0.0, 1.0],
                [0.442892, -0.41756, -0.793404, -0.24442, -0.847709, -0.483185, -0.218911, 1.676955, -0.291952, 0.76953, -0.567968, 0.700519, 0.0, 0.0, 0.0, 1.0],
                [0.514738, -0.333515, -0.789818, -0.309798, -0.793042, -0.535268, -0.290812, 1.651887, -0.325774, 0.776051, -0.540015, 0.709942, 0.0, 0.0, 0.0, 1.0],
                [0.575834, -0.250944, -0.778102, -0.368849, -0.736659, -0.572058, -0.36067, 1.622066, -0.354612, 0.780882, -0.51427, 0.718027, 0.0, 0.0, 0.0, 1.0],
                [0.626981, -0.172516, -0.759692, -0.421076, -0.680745, -0.595482, -0.426599, 1.589142, -0.378789, 0.784626, -0.490795, 0.724752, 0.0, 0.0, 0.0, 1.0],
                [0.669172, -0.100243, -0.736315, -0.466313, -0.627081, -0.60783, -0.487148, 1.554742, -0.398721, 0.787715, -0.469603, 0.730175, 0.0, 0.0, 0.0, 1.0],
                [0.70347, -0.035507, -0.709837, -0.504674, -0.57707, -0.611539, -0.541304, 1.520407, -0.414873, 0.790417, -0.45069, 0.73441, 0.0, 0.0, 0.0, 1.0],
                [0.730921, 0.020858, -0.682143, -0.53648, -0.5318, -0.609029, -0.588449, 1.487542, -0.427719, 0.792874, -0.43406, 0.737607, 0.0, 0.0, 0.0, 1.0],
                [0.75249, 0.068461, -0.655035, -0.56219, -0.492098, -0.60257, -0.62829, 1.457388, -0.437718, 0.795124, -0.419739, 0.739937, 0.0, 0.0, 0.0, 1.0],
                [0.769022, 0.10722, -0.630165, -0.582326, -0.458607, -0.5942, -0.660762, 1.431022, -0.445291, 0.797139, -0.407781, 0.741567, 0.0, 0.0, 0.0, 1.0],
                [0.781214, 0.137234, -0.608991, -0.59741, -0.431836, -0.585668, -0.685938, 1.409356, -0.450801, 0.798849, -0.39827, 0.742654, 0.0, 0.0, 0.0, 1.0],
                [0.7896, 0.158656, -0.592756, -0.607891, -0.412219, -0.578413, -0.703927, 1.393156, -0.45454, 0.800167, -0.391314, 0.743331, 0.0, 0.0, 0.0, 1.0],
                [0.794534, 0.171582, -0.582473, -0.614096, -0.400156, -0.57354, -0.714791, 1.383064, -0.456717, 0.801006, -0.387038, 0.743697, 0.0, 0.0, 0.0, 1.0],
                [0.796178, 0.175944, -0.578916, -0.616169, -0.396044, -0.571809, -0.718459, 1.379601, -0.457438, 0.801298, -0.38558, 0.743813, 0.0, 0.0, 0.0, 1.0],
                [0.796178, 0.175944, -0.578916, -0.616169, -0.396044, -0.571809, -0.718459, 1.379601, -0.457438, 0.801298, -0.385581, 0.743813, 0.0, 0.0, 0.0, 1.0],
                [0.796178, 0.175944, -0.578916, -0.616169, -0.396044, -0.571809, -0.718459, 1.379601, -0.457438, 0.801298, -0.38558, 0.743813, 0.0, 0.0, 0.0, 1.0]
            ]
        },
        {
            "name": "Tool_s_R",
            "time": [0.0, 0.0167, 0.0333, 0.05, 0.0667, 0.0833, 0.1, 0.1167, 0.1333, 0.15, 0.1667, 0.1833, 0.2, 0.2167, 0.2333, 0.25, 0.2667, 0.2833, 0.3, 0.3167, 0.3333, 0.35, 0.3667, 0.3833, 0.4, 0.4167, 0.4333, 0.45, 0.4667, 0.4833, 0.5, 0.5167, 0.5333, 0.55, 0.5667, 0.5833, 0.6, 0.6167, 0.6333, 0.65, 0.6667, 0.6833, 0.7, 0.7167, 0.7333, 0.75, 0.7667, 0.7833, 0.8, 0.8167, 0.8333, 0.85, 0.8667, 0.8833, 0.9, 0.9167, 0.9333, 0.95, 0.9667, 0.9833, 1.0, 1.0167, 1.0333, 1.05, 1.0667, 1.0833, 1.1, 1.1167, 1.1333, 1.15, 1.1667, 1.1833, 1.2, 1.2167, 1.2333, 1.25, 1.2667, 1.2833, 1.3, 1.3167, 1.3333, 1.35, 1.3667, 1.3833, 1.4, 1.4167, 1.4333],
            "transform": [
                [-0.739517, -0.05561, 0.670837, -0.597481, -0.315943, 0.908664, -0.272965, -0.012561, -0.594386, -0.413809, -0.689542, 0.66894, 0.0, 0.0, 0.0, 1.0],
                [-0.756245, -0.048766, 0.652469, -0.602644, -0.303519, 0.909575, -0.283811, -0.007392, -0.57963, -0.412668, -0.702663, 0.672905, 0.0, 0.0, 0.0, 1.0],
                [-0.800831, -0.030003, 0.598139, -0.616661, -0.267738, 0.911319, -0.312754, 0.007528, -0.535712, -0.410607, -0.737845, 0.6846, 0.0, 0.0, 0.0, 1.0],
                [-0.862168, -0.002472, 0.506617, -0.636833, -0.209965, 0.911809, -0.352872, 0.031813, -0.461066, -0.410607, -0.786651, 0.704192, 0.0, 0.0, 0.0, 1.0],
                [-0.925872, 0.029577, 0.376678, -0.659708, -0.131866, 0.908951, -0.395499, 0.065173, -0.35408, -0.415853, -0.837672, 0.731935, 0.0, 0.0, 0.0, 1.0],
                [-0.975594, 0.060773, 0.211006, -0.681184, -0.03708, 0.901542, -0.431101, 0.106739, -0.21643, -0.428403, -0.877285, 0.767453, 0.0, 0.0, 0.0, 1.0],
                [-0.996157, 0.085491, 0.019045, -0.69712, 0.067742, 0.889861, -0.451175, 0.154548, -0.055519, -0.448151, -0.892232, 0.809154, 0.0, 0.0, 0.0, 1.0],
                [-0.978093, 0.099375, -0.182917, -0.704365, 0.173274, 0.875639, -0.450813, 0.205402, 0.11537, -0.472632, -0.873676, 0.854092, 0.0, 0.0, 0.0, 1.0],
                [-0.92141, 0.10059, -0.375348, -0.70175, 0.269464, 0.861355, -0.430648, 0.25523, 0.279989, -0.497946, -0.820766, 0.898504, 0.0, 0.0, 0.0, 1.0],
                [-0.836062, 0.089911, -0.541217, -0.690403, 0.348226, 0.849265, -0.396847, 0.29982, 0.423956, -0.520255, -0.741348, 0.938841, 0.0, 0.0, 0.0, 1.0],
                [-0.738612, 0.069666, -0.670522, -0.673164, 0.405226, 0.840771, -0.359021, 0.335483, 0.538744, -0.53689, -0.649234, 0.972695, 0.0, 0.0, 0.0, 1.0],
                [-0.645635, 0.042888, -0.762441, -0.653471, 0.440889, 0.836145, -0.326311, 0.3602, 0.623516, -0.546829, -0.558753, 0.999333, 0.0, 0.0, 0.0, 1.0],
                [-0.56453, 0.013888, -0.825296, -0.634079, 0.461437, 0.834335, -0.301598, 0.375902, 0.684384, -0.551083, -0.477416, 1.019752, 0.0, 0.0, 0.0, 1.0],
                [-0.49711, -0.013475, -0.867583, -0.616685, 0.472851, 0.834157, -0.283891, 0.385382, 0.727526, -0.551362, -0.408297, 1.035154, 0.0, 0.0, 0.0, 1.0],
                [-0.442808, -0.035992, -0.895894, -0.60232, 0.479634, 0.834702, -0.270599, 0.391251, 0.757543, -0.549525, -0.35235, 1.04651, 0.0, 0.0, 0.0, 1.0],
                [-0.399827, -0.050822, -0.91518, -0.591659, 0.485273, 0.83531, -0.258394, 0.395942, 0.777591, -0.547425, -0.309317, 1.054543, 0.0, 0.0, 0.0, 1.0],
                [-0.365721, -0.055283, -0.929081, -0.58519, 0.492633, 0.835439, -0.24363, 0.401782, 0.789659, -0.546796, -0.278304, 1.059733, 0.0, 0.0, 0.0, 1.0],
                [-0.337636, -0.04667, -0.940119, -0.583278, 0.504214, 0.834422, -0.222506, 0.411078, 0.794841, -0.549147, -0.258199, 1.062317, 0.0, 0.0, 0.0, 1.0],
                [-0.312349, -0.022102, -0.94971, -0.586155, 0.522217, 0.831128, -0.191093, 0.426218, 0.793554, -0.555642, -0.24806, 1.06225, 0.0, 0.0, 0.0, 1.0],
                [-0.286221, 0.021564, -0.957921, -0.593817, 0.548405, 0.823489, -0.145321, 0.449748, 0.785704, -0.566922, -0.247525, 1.059123, 0.0, 0.0, 0.0, 1.0],
                [-0.186607, 0.36378, -0.912601, -0.587087, 0.656852, 0.736967, 0.159456, 0.650102, 0.730564, -0.569688, -0.376472, 1.005509, 0.0, 0.0, 0.0, 1.0],
                [0.135793, 0.913776, -0.38285, -0.370814, 0.771059, 0.145178, 0.619993, 1.101082, 0.622116, -0.379391, -0.684861, 0.840888, 0.0, 0.0, 0.0, 1.0],
                [0.609234, 0.590046, 0.529792, 0.26367, 0.564296, -0.791972, 0.233133, 1.335728, 0.55714, 0.156927, -0.815456, 0.631251, 0.0, 0.0, 0.0, 1.0],
                [0.781323, -0.479675, 0.399308, 0.752454, 0.020792, -0.619427, -0.784779, 0.877652, 0.623781, 0.621468, -0.473999, 0.595875, 0.0, 0.0, 0.0, 1.0],
                [0.54728, -0.682363, -0.48463, 0.518408, -0.350398, 0.339049, -0.873079, 0.357928, 0.76007, 0.647632, -0.053544, 0.766441, 0.0, 0.0, 0.0, 1.0],
                [0.269123, -0.228557, -0.935593, 0.062303, -0.430078, 0.840677, -0.329082, 0.286583, 0.861746, 0.490941, 0.127948, 0.940572, 0.0, 0.0, 0.0, 1.0],
                [0.060506, 0.211545, -0.975494, -0.23767, -0.389729, 0.904721, 0.172024, 0.452502, 0.91894, 0.369769, 0.137187, 1.02527, 0.0, 0.0, 0.0, 1.0],
                [-0.056611, 0.443991, -0.894241, -0.351793, -0.32595, 0.838381, 0.436891, 0.608719, 0.943691, 0.316211, 0.097257, 1.043929, 0.0, 0.0, 0.0, 1.0],
                [-0.096598, 0.512079, -0.853489, -0.374518, -0.297612, 0.803408, 0.515715, 0.666391, 0.949787, 0.303826, 0.074793, 1.041568, 0.0, 0.0, 0.0, 1.0],
                [-0.100165, 0.517358, -0.849887, -0.375647, -0.29514, 0.800289, 0.521949, 0.671244, 0.95019, 0.303116, 0.072532, 1.040789, 0.0, 0.0, 0.0, 1.0],
                [-0.103134, 0.522253, -0.846531, -0.376796, -0.292589, 0.797487, 0.527642, 0.675685, 0.95066, 0.302104, 0.070557, 1.040306, 0.0, 0.0, 0.0, 1.0],
                [-0.105569, 0.526764, -0.843431, -0.377949, -0.290022, 0.794986, 0.532809, 0.679725, 0.951179, 0.300862, 0.068848, 1.040075, 0.0, 0.0, 0.0, 1.0],
                [-0.107531, 0.530885, -0.840594, -0.379084, -0.287497, 0.79277, 0.537459, 0.683371, 0.951726, 0.299461, 0.067381, 1.040047, 0.0, 0.0, 0.0, 1.0],
                [-0.109083, 0.534609, -0.83803, -0.38018, -0.285071, 0.790824, 0.541601, 0.686631, 0.952279, 0.297977, 0.066136, 1.040176, 0.0, 0.0, 0.0, 1.0],
                [-0.110287, 0.537925, -0.835747, -0.381213, -0.282801, 0.789135, 0.545243, 0.689507, 0.952817, 0.296483, 0.065095, 1.040413, 0.0, 0.0, 0.0, 1.0],
                [-0.111205, 0.54082, -0.833755, -0.382156, -0.280741, 0.787692, 0.548386, 0.692002, 0.95332, 0.295053, 0.064235, 1.040709, 0.0, 0.0, 0.0, 1.0],
                [-0.111901, 0.54328, -0.832061, -0.382981, -0.278947, 0.78648, 0.551033, 0.694116, 0.953765, 0.293762, 0.063538, 1.041015, 0.0, 0.0, 0.0, 1.0],
                [-0.112436, 0.545288, -0.830674, -0.383659, -0.277472, 0.785491, 0.553185, 0.695851, 0.954132, 0.292686, 0.062985, 1.041282, 0.0, 0.0, 0.0, 1.0],
                [-0.112869, 0.546829, -0.829602, -0.384161, -0.276369, 0.784712, 0.55484, 0.697204, 0.954401, 0.2919, 0.062557, 1.041461, 0.0, 0.0, 0.0, 1.0],
                [-0.113263, 0.547882, -0.828852, -0.384453, -0.275691, 0.784133, 0.555995, 0.698175, 0.954551, 0.29148, 0.062233, 1.041499, 0.0, 0.0, 0.0, 1.0],
                [-0.113676, 0.548432, -0.828433, -0.384504, -0.27549, 0.783741, 0.556647, 0.698763, 0.954559, 0.291503, 0.061995, 1.041348, 0.0, 0.0, 0.0, 1.0],
                [-0.114167, 0.548457, -0.828348, -0.38428, -0.275821, 0.783522, 0.556791, 0.698968, 0.954405, 0.292043, 0.061824, 1.040956, 0.0, 0.0, 0.0, 1.0],
                [-0.114792, 0.547938, -0.828605, -0.383747, -0.276736, 0.783461, 0.556423, 0.698789, 0.954066, 0.293177, 0.061699, 1.040273, 0.0, 0.0, 0.0, 1.0],
                [-0.115605, 0.546856, -0.829207, -0.382868, -0.278288, 0.78354, 0.555537, 0.69823, 0.953515, 0.294981, 0.061602, 1.039246, 0.0, 0.0, 0.0, 1.0],
                [-0.11666, 0.545189, -0.830156, -0.381609, -0.280532, 0.783738, 0.554127, 0.697295, 0.952729, 0.29753, 0.061512, 1.037826, 0.0, 0.0, 0.0, 1.0],
                [-0.118007, 0.542917, -0.831454, -0.379929, -0.283525, 0.784029, 0.552189, 0.695992, 0.951677, 0.3009, 0.06141, 1.03596, 0.0, 0.0, 0.0, 1.0],
                [-0.119249, 0.537434, -0.834832, -0.377021, -0.289074, 0.785611, 0.547039, 0.692085, 0.94985, 0.306562, 0.061675, 1.033223, 0.0, 0.0, 0.0, 1.0],
                [-0.119883, 0.526308, -0.8418, -0.37209, -0.298797, 0.789474, 0.536145, 0.683585, 0.946757, 0.315802, 0.062615, 1.029242, 0.0, 0.0, 0.0, 1.0],
                [-0.11974, 0.509727, -0.851963, -0.365053, -0.31244, 0.795188, 0.51967, 0.670922, 0.942361, 0.328412, 0.064043, 1.024015, 0.0, 0.0, 0.0, 1.0],
                [-0.118588, 0.487833, -0.864844, -0.355758, -0.32972, 0.802221, 0.49772, 0.654584, 0.936601, 0.344181, 0.065715, 1.017515, 0.0, 0.0, 0.0, 1.0],
                [-0.116148, 0.460748, -0.879898, -0.344004, -0.350323, 0.809956, 0.470367, 0.635117, 0.9294, 0.36288, 0.067336, 1.009704, 0.0, 0.0, 0.0, 1.0],
                [-0.112105, 0.428598, -0.896513, -0.329568, -0.37389, 0.817708, 0.437676, 0.613121, 0.920673, 0.384263, 0.06858, 1.000543, 0.0, 0.0, 0.0, 1.0],
                [-0.106127, 0.391533, -0.914024, -0.312222, -0.400023, 0.82474, 0.399733, 0.589247, 0.91034, 0.408052, 0.069095, 0.990006, 0.0, 0.0, 0.0, 1.0],
                [-0.097877, 0.349751, -0.931716, -0.291761, -0.428272, 0.830285, 0.356666, 0.564192, 0.898334, 0.433937, 0.068523, 0.978095, 0.0, 0.0, 0.0, 1.0],
                [-0.087032, 0.303518, -0.948842, -0.268021, -0.458143, 0.833565, 0.308666, 0.538693, 0.884608, 0.461569, 0.066507, 0.964843, 0.0, 0.0, 0.0, 1.0],
                [-0.073299, 0.253181, -0.964638, -0.2409, -0.489091, 0.833817, 0.256009, 0.513512, 0.869148, 0.490561, 0.06271, 0.950325, 0.0, 0.0, 0.0, 1.0],
                [-0.05643, 0.199179, -0.978337, -0.210377, -0.520532, 0.830313, 0.199067, 0.489424, 0.851976, 0.520489, 0.056824, 0.934666, 0.0, 0.0, 0.0, 1.0],
                [-0.036239, 0.142054, -0.989196, -0.176526, -0.551849, 0.822394, 0.138317, 0.467193, 0.833156, 0.550899, 0.048589, 0.918037, 0.0, 0.0, 0.0, 1.0],
                [-0.012615, 0.082441, -0.996516, -0.139523, -0.582406, 0.809492, 0.074341, 0.447553, 0.812801, 0.581315, 0.037802, 0.900658, 0.0, 0.0, 0.0, 1.0],
                [0.014464, 0.021069, -0.999673, -0.099653, -0.61156, 0.79116, 0.007826, 0.431183, 0.791066, 0.611247, 0.024328, 0.882791, 0.0, 0.0, 0.0, 1.0],
                [0.044923, -0.041257, -0.998138, -0.057312, -0.638686, 0.76709, -0.060452, 0.418684, 0.768156, 0.640212, 0.00811, 0.864732, 0.0, 0.0, 0.0, 1.0],
                [0.078588, -0.103677, -0.991501, -0.01299, -0.663191, 0.737137, -0.129645, 0.410549, 0.744313, 0.667743, -0.010828, 0.846805, 0.0, 0.0, 0.0, 1.0],
                [0.115184, -0.165304, -0.979493, 0.032734, -0.684541, 0.701327, -0.198858, 0.40715, 0.719816, 0.693409, -0.032375, 0.82934, 0.0, 0.0, 0.0, 1.0],
                [0.154342, -0.225248, -0.961999, 0.079217, -0.702281, 0.659863, -0.267177, 0.408714, 0.694969, 0.71683, -0.056343, 0.812666, 0.0, 0.0, 0.0, 1.0],
                [0.195608, -0.282658, -0.939064, 0.125777, -0.716046, 0.613124, -0.333703, 0.415319, 0.670087, 0.737688, -0.082464, 0.797093, 0.0, 0.0, 0.0, 1.0],
                [0.238459, -0.336747, -0.9109, 0.171717, -0.725589, 0.561649, -0.397582, 0.426884, 0.645491, 0.755746, -0.11041, 0.782898, 0.0, 0.0, 0.0, 1.0],
                [0.282325, -0.386828, -0.877871, 0.21636, -0.730781, 0.506122, -0.45804, 0.443176, 0.621492, 0.770847, -0.139795, 0.770314, 0.0, 0.0, 0.0, 1.0],
                [0.326606, -0.432335, -0.840485, 0.259073, -0.731622, 0.44734, -0.514408, 0.463823, 0.598379, 0.782927, -0.170202, 0.759513, 0.0, 0.0, 0.0, 1.0],
                [0.370697, -0.472848, -0.799374, 0.299297, -0.728241, 0.386187, -0.566148, 0.488324, 0.57641, 0.792007, -0.201189, 0.750611, 0.0, 0.0, 0.0, 1.0],
                [0.41401, -0.508104, -0.755265, 0.336562, -0.720887, 0.3236, -0.612866, 0.516082, 0.555804, 0.798194, -0.232312, 0.743653, 0.0, 0.0, 0.0, 1.0],
                [0.455996, -0.538003, -0.708957, 0.37051, -0.709919, 0.260531, -0.654323, 0.54642, 0.536733, 0.801671, -0.263137, 0.73862, 0.0, 0.0, 0.0, 1.0],
                [0.496161, -0.562602, -0.661289, 0.400901, -0.695795, 0.197917, -0.690433, 0.578617, 0.519319, 0.802688, -0.293257, 0.73543, 0.0, 0.0, 0.0, 1.0],
                [0.53408, -0.58211, -0.613113, 0.427614, -0.67905, 0.136654, -0.721261, 0.611929, 0.503637, 0.801545, -0.322297, 0.733944, 0.0, 0.0, 0.0, 1.0],
                [0.569404, -0.596866, -0.56527, 0.450648, -0.660275, 0.077569, -0.747008, 0.645616, 0.489711, 0.798583, -0.349927, 0.733977, 0.0, 0.0, 0.0, 1.0],
                [0.601867, -0.607323, -0.51857, 0.470108, -0.640101, 0.021408, -0.767992, 0.678967, 0.477521, 0.794167, -0.375863, 0.735305, 0.0, 0.0, 0.0, 1.0],
                [0.631284, -0.614021, -0.473771, 0.486192, -0.61918, -0.031177, -0.78463, 0.711312, 0.467009, 0.788674, -0.399871, 0.737677, 0.0, 0.0, 0.0, 1.0],
                [0.657541, -0.617564, -0.431573, 0.499174, -0.598162, -0.079629, -0.797409, 0.742036, 0.458086, 0.78248, -0.421762, 0.740824, 0.0, 0.0, 0.0, 1.0],
                [0.680592, -0.618589, -0.392609, 0.509386, -0.577684, -0.123481, -0.806866, 0.770586, 0.450639, 0.775951, -0.441389, 0.744473, 0.0, 0.0, 0.0, 1.0],
                [0.700442, -0.617747, -0.35745, 0.517191, -0.558358, -0.16235, -0.813559, 0.796473, 0.444542, 0.769436, -0.458641, 0.74835, 0.0, 0.0, 0.0, 1.0],
                [0.717131, -0.615675, -0.3266, 0.522968, -0.540759, -0.195919, -0.818044, 0.819264, 0.439662, 0.763257, -0.473431, 0.752193, 0.0, 0.0, 0.0, 1.0],
                [0.730722, -0.612975, -0.300512, 0.527087, -0.525418, -0.223922, -0.82085, 0.838584, 0.43587, 0.757707, -0.485693, 0.755756, 0.0, 0.0, 0.0, 1.0],
                [0.741275, -0.610196, -0.279594, 0.529889, -0.512818, -0.246125, -0.82246, 0.8541, 0.433047, 0.75305, -0.495366, 0.758818, 0.0, 0.0, 0.0, 1.0],
                [0.748835, -0.60781, -0.264222, 0.531668, -0.503392, -0.262299, -0.823284, 0.865514, 0.431095, 0.749511, -0.502385, 0.761182, 0.0, 0.0, 0.0, 1.0],
                [0.753412, -0.606196, -0.254748, 0.532647, -0.497512, -0.272207, -0.823641, 0.872551, 0.429944, 0.747282, -0.506674, 0.762688, 0.0, 0.0, 0.0, 1.0],
                [0.75496, -0.605621, -0.251515, 0.53296, -0.495494, -0.275578, -0.823737, 0.874953, 0.429561, 0.746512, -0.508131, 0.76321, 0.0, 0.0, 0.0, 1.0],
                [0.75496, -0.605621, -0.251515, 0.53296, -0.495493, -0.275578, -0.823737, 0.874953, 0.429561, 0.746512, -0.508131, 0.76321, 0.0, 0.0, 0.0, 1.0],
                [0.75496, -0.605621, -0.251515, 0.53296, -0.495493, -0.275578, -0.823737, 0.874953, 0.429561, 0.746512, -0.508131, 0.76321, 0.0, 0.0, 0.0, 1.0]
            ]
        },
        {
            "name": "Leg_ik_L",
            "time": [0.0, 0.0167, 0.0333, 0.05, 0.0667, 0.0833, 0.1, 0.1167, 0.1333, 0.15, 0.1667, 0.1833, 0.2, 0.2167, 0.2333, 0.25, 0.2667, 0.2833, 0.3, 0.3167, 0.3333, 0.35, 0.3667, 0.3833, 0.4, 0.4167, 0.4333, 0.45, 0.4667, 0.4833, 0.5, 0.5167, 0.5333, 0.55, 0.5667, 0.5833, 0.6, 0.6167, 0.6333, 0.65, 0.6667, 0.6833, 0.7, 0.7167, 0.7333, 0.75, 0.7667, 0.7833, 0.8, 0.8167, 0.8333, 0.85, 0.8667, 0.8833, 0.9, 0.9167, 0.9333, 0.95, 0.9667, 0.9833, 1.0, 1.0167, 1.0333, 1.05, 1.0667, 1.0833, 1.1, 1.1167, 1.1333, 1.15, 1.1667, 1.1833, 1.2, 1.2167, 1.2333, 1.25, 1.2667, 1.2833, 1.3, 1.3167, 1.3333, 1.35, 1.3667, 1.3833, 1.4, 1.4167, 1.4333],
            "transform": [
                [1.0, 0.0, 1e-06, -0.206001, 0.0, 1.0, 0.0, -0.609325, -1e-06, 0.0, 1.0, 0.019774, 0.0, 0.0, 0.0, 1.0],
                [1.0, 0.0, 1e-06, -0.206578, 0.0, 1.0, 0.0, -0.607341, -1e-06, 0.0, 1.0, 0.019774, 0.0, 0.0, 0.0, 1.0],
                [1.0, 0.0, 1e-06, -0.208173, 0.0, 1.0, 0.0, -0.601864, -1e-06, 0.0, 1.0, 0.019774, 0.0, 0.0, 0.0, 1.0],
                [1.0, 0.0, 1e-06, -0.210578, 0.0, 1.0, 0.0, -0.593603, -1e-06, 0.0, 1.0, 0.019774, 0.0, 0.0, 0.0, 1.0],
                [1.0, 0.0, 1e-06, -0.213586, 0.0, 1.0, 0.0, -0.58327, -1e-06, 0.0, 1.0, 0.019774, 0.0, 0.0, 0.0, 1.0],
                [1.0, 0.0, 1e-06, -0.216991, 0.0, 1.0, 0.0, -0.571573, -1e-06, 0.0, 1.0, 0.019774, 0.0, 0.0, 0.0, 1.0],
                [1.0, 0.0, 1e-06, -0.220586, 0.0, 1.0, 0.0, -0.559225, -1e-06, 0.0, 1.0, 0.019774, 0.0, 0.0, 0.0, 1.0],
                [1.0, 0.0, 1e-06, -0.224164, 0.0, 1.0, 0.0, -0.546934, -1e-06, 0.0, 1.0, 0.019774, 0.0, 0.0, 0.0, 1.0],
                [1.0, 0.0, 1e-06, -0.227519, 0.0, 1.0, 0.0, -0.535412, -1e-06, 0.0, 1.0, 0.019774, 0.0, 0.0, 0.0, 1.0],
                [1.0, 0.0, 1e-06, -0.230443, 0.0, 1.0, 0.0, -0.525368, -1e-06, 0.0, 1.0, 0.019774, 0.0, 0.0, 0.0, 1.0],
                [1.0, 0.0, 1e-06, -0.23273, 0.0, 1.0, 0.0, -0.517514, -1e-06, 0.0, 1.0, 0.019774, 0.0, 0.0, 0.0, 1.0],
                [1.0, 0.0, 1e-06, -0.234244, 0.0, 1.0, 0.0, -0.512328, -1e-06, 0.0, 1.0, 0.019774, 0.0, 0.0, 0.0, 1.0],
                [1.0, 0.0, 1e-06, -0.23514, 0.0, 1.0, 0.0, -0.509372, -1e-06, 0.0, 1.0, 0.019774, 0.0, 0.0, 0.0, 1.0],
                [1.0, 0.0, 1e-06, -0.235641, 0.0, 1.0, 0.0, -0.507974, -1e-06, 0.0, 1.0, 0.019774, 0.0, 0.0, 0.0, 1.0],
                [1.0, 0.0, 1e-06, -0.235972, 0.0, 1.0, 0.0, -0.507465, -1e-06, 0.0, 1.0, 0.019774, 0.0, 0.0, 0.0, 1.0],
                [1.0, 0.0, 1e-06, -0.236359, 0.0, 1.0, 0.0, -0.507173, -1e-06, 0.0, 1.0, 0.019774, 0.0, 0.0, 0.0, 1.0],
                [1.0, 0.0, 1e-06, -0.237027, 0.0, 1.0, 0.0, -0.50643, -1e-06, 0.0, 1.0, 0.019774, 0.0, 0.0, 0.0, 1.0],
                [1.0, 0.0, 1e-06, -0.238199, 0.0, 1.0, 0.0, -0.504564, -1e-06, 0.0, 1.0, 0.019774, 0.0, 0.0, 0.0, 1.0],
                [1.0, 0.0, 1e-06, -0.240102, 0.0, 1.0, 0.0, -0.500906, -1e-06, 0.0, 1.0, 0.019774, 0.0, 0.0, 0.0, 1.0],
                [1.0, 0.0, 1e-06, -0.242959, 0.0, 1.0, 0.0, -0.494785, -1e-06, 0.0, 1.0, 0.019774, 0.0, 0.0, 0.0, 1.0],
                [1.0, 0.0, 1e-06, -0.267025, 0.0, 1.0, 0.0, -0.420977, -1e-06, 0.0, 1.0, 0.019774, 0.0, 0.0, 0.0, 1.0],
                [1.0, 0.0, 1e-06, -0.319481, 0.0, 1.0, 0.0, -0.238527, -1e-06, 0.0, 1.0, 0.019774, 0.0, 0.0, 0.0, 1.0],
                [1.0, 0.0, 1e-06, -0.380946, 0.0, 1.0, 0.0, 0.016839, -1e-06, 0.0, 1.0, 0.019774, 0.0, 0.0, 0.0, 1.0],
                [1.0, 0.0, 1e-06, -0.432039, 0.0, 1.0, 0.0, 0.309391, -1e-06, 0.0, 1.0, 0.019774, 0.0, 0.0, 0.0, 1.0],
                [1.0, 0.0, 1e-06, -0.453376, 0.0, 1.0, 0.0, 0.603402, -1e-06, 0.0, 1.0, 0.019774, 0.0, 0.0, 0.0, 1.0],
                [1.0, 0.0, 1e-06, -0.448226, 0.0, 1.0, 0.0, 0.866172, -1e-06, 0.0, 1.0, 0.019774, 0.0, 0.0, 0.0, 1.0],
                [1.0, 0.0, 1e-06, -0.436826, 0.0, 1.0, 0.0, 1.077114, -1e-06, 0.0, 1.0, 0.019774, 0.0, 0.0, 0.0, 1.0],
                [1.0, 0.0, 1e-06, -0.425253, 0.0, 1.0, 0.0, 1.218668, -1e-06, 0.0, 1.0, 0.019774, 0.0, 0.0, 0.0, 1.0],
                [1.0, 0.0, 1e-06, -0.419584, 0.0, 1.0, 0.0, 1.273276, -1e-06, 0.0, 1.0, 0.019774, 0.0, 0.0, 0.0, 1.0],
                [1.0, 0.0, 1e-06, -0.418931, 0.0, 1.0, 0.0, 1.278233, -1e-06, 0.0, 1.0, 0.019774, 0.0, 0.0, 0.0, 1.0],
                [1.0, 0.0, 1e-06, -0.418356, 0.0, 1.0, 0.0, 1.282567, -1e-06, 0.0, 1.0, 0.019774, 0.0, 0.0, 0.0, 1.0],
                [1.0, 0.0, 1e-06, -0.417852, 0.0, 1.0, 0.0, 1.286324, -1e-06, 0.0, 1.0, 0.019774, 0.0, 0.0, 0.0, 1.0],
                [1.0, 0.0, 1e-06, -0.417415, 0.0, 1.0, 0.0, 1.289548, -1e-06, 0.0, 1.0, 0.019774, 0.0, 0.0, 0.0, 1.0],
                [1.0, 0.0, 1e-06, -0.417041, 0.0, 1.0, 0.0, 1.292284, -1e-06, 0.0, 1.0, 0.019774, 0.0, 0.0, 0.0, 1.0],
                [1.0, 0.0, 1e-06, -0.416724, 0.0, 1.0, 0.0, 1.294575, -1e-06, 0.0, 1.0, 0.019774, 0.0, 0.0, 0.0, 1.0],
                [1.0, 0.0, 1e-06, -0.41646, 0.0, 1.0, 0.0, 1.296468, -1e-06, 0.0, 1.0, 0.019774, 0.0, 0.0, 0.0, 1.0],
                [1.0, 0.0, 1e-06, -0.416243, 0.0, 1.0, 0.0, 1.298005, -1e-06, 0.0, 1.0, 0.019774, 0.0, 0.0, 0.0, 1.0],
                [1.0, 0.0, 1e-06, -0.41607, 0.0, 1.0, 0.0, 1.299232, -1e-06, 0.0, 1.0, 0.019774, 0.0, 0.0, 0.0, 1.0],
                [1.0, 0.0, 1e-06, -0.415935, 0.0, 1.0, 0.0, 1.300193, -1e-06, 0.0, 1.0, 0.019774, 0.0, 0.0, 0.0, 1.0],
                [1.0, 0.0, 1e-06, -0.415834, 0.0, 1.0, 0.0, 1.300933, -1e-06, 0.0, 1.0, 0.019774, 0.0, 0.0, 0.0, 1.0],
                [1.0, 0.0, 1e-06, -0.415761, 0.0, 1.0, 0.0, 1.301495, -1e-06, 0.0, 1.0, 0.019774, 0.0, 0.0, 0.0, 1.0],
                [1.0, 0.0, 1e-06, -0.415712, 0.0, 1.0, 0.0, 1.301925, -1e-06, 0.0, 1.0, 0.019774, 0.0, 0.0, 0.0, 1.0],
                [1.0, 0.0, 1e-06, -0.415683, 0.0, 1.0, 0.0, 1.302266, -1e-06, 0.0, 1.0, 0.019774, 0.0, 0.0, 0.0, 1.0],
                [1.0, 0.0, 1e-06, -0.415668, 0.0, 1.0, 0.0, 1.302564, -1e-06, 0.0, 1.0, 0.019774, 0.0, 0.0, 0.0, 1.0],
                [1.0, 0.0, 1e-06, -0.415662, 0.0, 1.0, 0.0, 1.302863, -1e-06, 0.0, 1.0, 0.019774, 0.0, 0.0, 0.0, 1.0],
                [1.0, 0.0, 1e-06, -0.415661, 0.0, 1.0, 0.0, 1.303208, -1e-06, 0.0, 1.0, 0.019774, 0.0, 0.0, 0.0, 1.0],
                [1.0, 0.0, 1e-06, -0.415664, 0.0, 1.0, 0.0, 1.303633, -1e-06, 0.0, 1.0, 0.019753, 0.0, 0.0, 0.0, 1.0],
                [1.0, 0.0, 1e-06, -0.415671, 0.0, 1.0, 0.0, 1.304144, -1e-06, 0.0, 1.0, 0.01969, 0.0, 0.0, 0.0, 1.0],
                [1.0, 0.0, 1e-06, -0.415683, 0.0, 1.0, 0.0, 1.304734, -1e-06, 0.0, 1.0, 0.019589, 0.0, 0.0, 0.0, 1.0],
                [1.0, 0.0, 1e-06, -0.4157, 0.0, 1.0, 0.0, 1.305399, -1e-06, 0.0, 1.0, 0.01945, 0.0, 0.0, 0.0, 1.0],
                [1.0, 0.0, 1e-06, -0.41572, 0.0, 1.0, 0.0, 1.306133, -1e-06, 0.0, 1.0, 0.019278, 0.0, 0.0, 0.0, 1.0],
                [1.0, 0.0, 1e-06, -0.415745, 0.0, 1.0, 0.0, 1.306931, -1e-06, 0.0, 1.0, 0.019072, 0.0, 0.0, 0.0, 1.0],
                [1.0, 0.0, 1e-06, -0.415772, 0.0, 1.0, 0.0, 1.307789, -1e-06, 0.0, 1.0, 0.018837, 0.0, 0.0, 0.0, 1.0],
                [1.0, 0.0, 1e-06, -0.415804, 0.0, 1.0, 0.0, 1.308701, -1e-06, 0.0, 1.0, 0.018574, 0.0, 0.0, 0.0, 1.0],
                [1.0, 0.0, 1e-06, -0.415838, 0.0, 1.0, 0.0, 1.309661, -1e-06, 0.0, 1.0, 0.018285, 0.0, 0.0, 0.0, 1.0],
                [1.0, 0.0, 1e-06, -0.415875, 0.0, 1.0, 0.0, 1.310666, -1e-06, 0.0, 1.0, 0.017973, 0.0, 0.0, 0.0, 1.0],
                [1.0, 0.0, 1e-06, -0.415914, 0.0, 1.0, 0.0, 1.311709, -1e-06, 0.0, 1.0, 0.01764, 0.0, 0.0, 0.0, 1.0],
                [1.0, 0.0, 1e-06, -0.415956, 0.0, 1.0, 0.0, 1.312786, -1e-06, 0.0, 1.0, 0.017288, 0.0, 0.0, 0.0, 1.0],
                [1.0, 0.0, 1e-06, -0.416, 0.0, 1.0, 0.0, 1.313891, -1e-06, 0.0, 1.0, 0.016919, 0.0, 0.0, 0.0, 1.0],
                [1.0, 0.0, 1e-06, -0.416046, 0.0, 1.0, 0.0, 1.31502, -1e-06, 0.0, 1.0, 0.016535, 0.0, 0.0, 0.0, 1.0],
                [1.0, 0.0, 1e-06, -0.416092, 0.0, 1.0, 0.0, 1.316167, -1e-06, 0.0, 1.0, 0.01614, 0.0, 0.0, 0.0, 1.0],
                [1.0, 0.0, 1e-06, -0.416141, 0.0, 1.0, 0.0, 1.317327, -1e-06, 0.0, 1.0, 0.015734, 0.0, 0.0, 0.0, 1.0],
                [1.0, 0.0, 1e-06, -0.41619, 0.0, 1.0, 0.0, 1.318496, -1e-06, 0.0, 1.0, 0.015321, 0.0, 0.0, 0.0, 1.0],
                [1.0, 0.0, 1e-06, -0.416239, 0.0, 1.0, 0.0, 1.319667, -1e-06, 0.0, 1.0, 0.014902, 0.0, 0.0, 0.0, 1.0],
                [1.0, 0.0, 1e-06, -0.416289, 0.0, 1.0, 0.0, 1.320836, -1e-06, 0.0, 1.0, 0.014479, 0.0, 0.0, 0.0, 1.0],
                [1.0, 0.0, 1e-06, -0.41634, 0.0, 1.0, 0.0, 1.321998, -1e-06, 0.0, 1.0, 0.014056, 0.0, 0.0, 0.0, 1.0],
                [1.0, 0.0, 1e-06, -0.41639, 0.0, 1.0, 0.0, 1.323148, -1e-06, 0.0, 1.0, 0.013633, 0.0, 0.0, 0.0, 1.0],
                [1.0, 0.0, 1e-06, -0.41644, 0.0, 1.0, 0.0, 1.32428, -1e-06, 0.0, 1.0, 0.013214, 0.0, 0.0, 0.0, 1.0],
                [1.0, 0.0, 1e-06, -0.416489, 0.0, 1.0, 0.0, 1.32539, -1e-06, 0.0, 1.0, 0.012801, 0.0, 0.0, 0.0, 1.0],
                [1.0, 0.0, 1e-06, -0.416537, 0.0, 1.0, 0.0, 1.326472, -1e-06, 0.0, 1.0, 0.012395, 0.0, 0.0, 0.0, 1.0],
                [1.0, 0.0, 1e-06, -0.416584, 0.0, 1.0, 0.0, 1.327521, -1e-06, 0.0, 1.0, 0.012, 0.0, 0.0, 0.0, 1.0],
                [1.0, 0.0, 1e-06, -0.416629, 0.0, 1.0, 0.0, 1.328532, -1e-06, 0.0, 1.0, 0.011616, 0.0, 0.0, 0.0, 1.0],
                [1.0, 0.0, 1e-06, -0.416673, 0.0, 1.0, 0.0, 1.329501, -1e-06, 0.0, 1.0, 0.011247, 0.0, 0.0, 0.0, 1.0],
                [1.0, 0.0, 1e-06, -0.416715, 0.0, 1.0, 0.0, 1.330421, -1e-06, 0.0, 1.0, 0.010895, 0.0, 0.0, 0.0, 1.0],
                [1.0, 0.0, 1e-06, -0.416754, 0.0, 1.0, 0.0, 1.331288, -1e-06, 0.0, 1.0, 0.010562, 0.0, 0.0, 0.0, 1.0],
                [1.0, 0.0, 1e-06, -0.416791, 0.0, 1.0, 0.0, 1.332097, -1e-06, 0.0, 1.0, 0.01025, 0.0, 0.0, 0.0, 1.0],
                [1.0, 0.0, 1e-06, -0.416826, 0.0, 1.0, 0.0, 1.332842, -1e-06, 0.0, 1.0, 0.009961, 0.0, 0.0, 0.0, 1.0],
                [1.0, 0.0, 1e-06, -0.416857, 0.0, 1.0, 0.0, 1.333518, -1e-06, 0.0, 1.0, 0.009698, 0.0, 0.0, 0.0, 1.0],
                [1.0, 0.0, 1e-06, -0.416885, 0.0, 1.0, 0.0, 1.334121, -1e-06, 0.0, 1.0, 0.009463, 0.0, 0.0, 0.0, 1.0],
                [1.0, 0.0, 1e-06, -0.416909, 0.0, 1.0, 0.0, 1.334646, -1e-06, 0.0, 1.0, 0.009258, 0.0, 0.0, 0.0, 1.0],
