{
    "animation": [
        {
            "name": "Tool_s_L",
            "time": [0.0, 0.0167, 0.0333, 0.05, 0.0667, 0.0833, 0.1, 0.1167, 0.1333, 0.15, 0.1667, 0.1833, 0.2, 0.2167, 0.2333, 0.25, 0.2667, 0.2833, 0.3, 0.3167, 0.3333, 0.35, 0.3667, 0.3833, 0.4, 0.4167, 0.4333, 0.45, 0.4667, 0.4833, 0.5, 0.5167, 0.5333, 0.55, 0.5667, 0.5833, 0.6, 0.6167, 0.6333, 0.65, 0.6667, 0.6833, 0.7, 0.7167, 0.7333, 0.75, 0.7667, 0.7833, 0.8, 0.8167, 0.8333, 0.85, 0.8667, 0.8833, 0.9, 0.9167, 0.9333, 0.95, 0.9667, 0.9833, 1.0, 1.0167, 1.0333, 1.05, 1.0667, 1.0833, 1.1, 1.1167, 1.1333, 1.15, 1.1667, 1.1833, 1.2, 1.2167, 1.2333, 1.25, 1.2667, 1.2833, 1.3, 1.3167, 1.3333, 1.35, 1.3667, 1.3833, 1.4, 1.4167, 1.4333, 1.45, 1.4667, 1.4833, 1.5, 1.5167, 1.5333, 1.55, 1.5667, 1.5833, 1.6],
            "transform": [
                [0.746157, 0.069805, -0.6621, -0.448422, 0.054711, -0.997554, -0.043515, 1.000162, -0.663518, -0.003756, -0.748151, 0.94674, 0.0, 0.0, 0.0, 1.0],
                [0.74439, 0.073329, -0.663706, -0.4517, 0.057155, -0.997301, -0.046083, 0.996671, -0.665294, -0.003631, -0.746572, 0.949982, 0.0, 0.0, 0.0, 1.0],
                [0.739347, 0.08365, -0.668108, -0.461241, 0.063994, -0.996491, -0.053948, 0.986352, -0.670277, -0.002869, -0.742105, 0.958919, 0.0, 0.0, 0.0, 1.0],
                [0.731467, 0.100655, -0.674407, -0.476763, 0.07429, -0.994921, -0.067916, 0.969041, -0.677818, -0.000423, -0.735229, 0.971976, 0.0, 0.0, 0.0, 1.0],
                [0.721332, 0.124444, -0.681318, -0.498053, 0.086863, -0.992213, -0.089265, 0.944153, -0.687121, 0.005208, -0.726525, 0.987167, 0.0, 0.0, 0.0, 1.0],
                [0.709781, 0.155108, -0.687134, -0.52475, 0.100326, -0.987772, -0.119339, 0.910821, -0.697241, 0.015767, -0.716663, 1.00226, 0.0, 0.0, 0.0, 1.0],
                [0.698006, 0.19244, -0.689749, -0.556089, 0.113198, -0.980755, -0.159077, 0.868061, -0.707088, 0.032959, -0.706357, 1.014987, 0.0, 0.0, 0.0, 1.0],
                [0.68758, 0.235577, -0.686831, -0.590644, 0.124111, -0.970116, -0.208495, 0.815048, -0.715423, 0.058113, -0.69627, 1.023331, 0.0, 0.0, 0.0, 1.0],
                [0.68032, 0.282675, -0.67621, -0.626188, 0.13211, -0.954814, -0.266226, 0.751517, -0.72091, 0.091784, -0.686923, 1.025871, 0.0, 0.0, 0.0, 1.0],
                [0.677957, 0.330812, -0.656458, -0.65981, 0.136936, -0.93422, -0.329364, 0.678247, -0.722234, 0.133402, -0.678662, 1.022084, 0.0, 0.0, 0.0, 1.0],
                [0.681652, 0.376329, -0.627477, -0.688421, 0.139134, -0.908609, -0.393791, 0.597431, -0.718326, 0.181125, -0.671715, 1.012469, 0.0, 0.0, 0.0, 1.0],
                [0.691565, 0.415627, -0.590755, -0.70952, 0.139847, -0.879434, -0.455015, 0.51265, -0.708647, 0.232057, -0.66631, 0.998402, 0.0, 0.0, 0.0, 1.0],
                [0.706741, 0.446108, -0.549094, -0.721888, 0.14036, -0.849123, -0.509205, 0.428327, -0.693409, 0.282806, -0.662725, 0.981728, 0.0, 0.0, 0.0, 1.0],
                [0.725382, 0.466803, -0.505881, -0.725852, 0.141615, -0.820405, -0.553968, 0.348837, -0.673621, 0.330199, -0.661213, 0.964293, 0.0, 0.0, 0.0, 1.0],
                [0.745371, 0.478392, -0.464287, -0.723005, 0.143971, -0.795529, -0.588563, 0.277688, -0.650917, 0.371854, -0.661839, 0.9476, 0.0, 0.0, 0.0, 1.0],
                [0.764758, 0.482721, -0.426762, -0.715624, 0.147248, -0.775757, -0.613611, 0.21711, -0.627267, 0.406424, -0.664346, 0.932682, 0.0, 0.0, 0.0, 1.0],
                [0.782028, 0.482155, -0.394915, -0.706092, 0.150946, -0.761307, -0.630577, 0.168107, -0.604687, 0.433518, -0.668143, 0.92015, 0.0, 0.0, 0.0, 1.0],
                [0.796149, 0.479038, -0.369688, -0.696522, 0.154481, -0.751619, -0.641253, 0.130815, -0.585048, 0.453423, -0.672403, 0.910319, 0.0, 0.0, 0.0, 1.0],
                [0.807071, 0.475125, -0.350559, -0.688113, 0.157512, -0.745441, -0.647693, 0.103451, -0.569057, 0.467517, -0.676462, 0.90293, 0.0, 0.0, 0.0, 1.0],
                [0.815461, 0.471272, -0.336045, -0.681083, 0.160006, -0.741495, -0.651601, 0.083236, -0.556257, 0.477586, -0.680066, 0.897366, 0.0, 0.0, 0.0, 1.0],
                [0.821678, 0.467952, -0.325371, -0.67556, 0.161942, -0.739029, -0.653919, 0.068681, -0.546461, 0.48462, -0.683025, 0.8933, 0.0, 0.0, 0.0, 1.0],
                [0.826079, 0.465365, -0.317848, -0.671491, 0.163356, -0.737526, -0.655263, 0.05859, -0.539358, 0.489377, -0.685275, 0.89045, 0.0, 0.0, 0.0, 1.0],
                [0.829003, 0.46354, -0.312865, -0.668715, 0.164314, -0.73664, -0.65602, 0.051983, -0.53456, 0.492434, -0.686843, 0.88857, 0.0, 0.0, 0.0, 1.0],
                [0.830765, 0.462398, -0.309866, -0.667013, 0.164898, -0.736151, -0.656422, 0.048037, -0.531637, 0.494236, -0.687817, 0.887441, 0.0, 0.0, 0.0, 1.0],
                [0.831666, 0.461802, -0.308333, -0.666135, 0.1652, -0.735914, -0.656612, 0.046029, -0.530132, 0.495146, -0.688324, 0.886865, 0.0, 0.0, 0.0, 1.0],
                [0.831998, 0.461581, -0.30777, -0.66581, 0.165311, -0.735829, -0.65668, 0.045292, -0.529576, 0.495479, -0.688512, 0.886653, 0.0, 0.0, 0.0, 1.0],
                [0.832045, 0.461549, -0.307689, -0.665764, 0.165326, -0.735817, -0.656689, 0.045187, -0.529497, 0.495526, -0.688539, 0.886623, 0.0, 0.0, 0.0, 1.0],
                [0.832045, 0.461549, -0.307689, -0.665764, 0.165326, -0.735817, -0.656689, 0.045187, -0.529497, 0.495526, -0.688539, 0.886623, 0.0, 0.0, 0.0, 1.0],
                [0.832045, 0.461549, -0.307689, -0.665764, 0.165326, -0.735817, -0.656689, 0.045187, -0.529497, 0.495526, -0.688539, 0.886623, 0.0, 0.0, 0.0, 1.0],
                [0.832045, 0.461549, -0.307689, -0.665764, 0.165326, -0.735817, -0.656689, 0.045187, -0.529497, 0.495526, -0.688539, 0.886623, 0.0, 0.0, 0.0, 1.0],
                [0.832045, 0.486353, -0.266763, -0.66826, 0.044076, -0.537352, -0.842205, 0.079063, -0.552955, 0.688995, -0.468537, 0.828293, 0.0, 0.0, 0.0, 1.0],
                [0.832043, 0.528368, -0.16891, -0.668626, -0.234469, 0.059032, -0.970329, 0.161871, -0.50272, 0.84696, 0.173003, 0.763158, 0.0, 0.0, 0.0, 1.0],
                [0.832043, 0.551211, -0.062216, -0.661279, -0.452766, 0.610045, -0.650267, 0.316745, -0.32048, 0.569219, 0.757154, 0.761581, 0.0, 0.0, 0.0, 1.0],
                [0.832042, 0.554673, -0.006567, -0.654079, -0.51388, 0.766284, -0.385664, 0.423633, -0.208885, 0.324263, 0.922616, 0.766679, 0.0, 0.0, 0.0, 1.0],
                [0.832042, 0.5547, 0.003563, -0.651829, -0.515656, 0.775811, -0.363616, 0.426291, -0.204462, 0.300707, 0.931542, 0.775046, 0.0, 0.0, 0.0, 1.0],
                [0.832042, 0.554564, 0.012816, -0.649693, -0.517243, 0.783981, -0.343269, 0.429005, -0.200412, 0.278985, 0.93915, 0.782653, 0.0, 0.0, 0.0, 1.0],
                [0.832042, 0.554306, 0.021228, -0.647684, -0.518657, 0.790963, -0.324609, 0.431709, -0.196723, 0.259079, 0.94561, 0.789532, 0.0, 0.0, 0.0, 1.0],
                [0.832042, 0.553962, 0.028836, -0.645812, -0.519911, 0.796911, -0.30761, 0.43435, -0.193384, 0.240952, 0.951075, 0.79572, 0.0, 0.0, 0.0, 1.0],
                [0.832042, 0.553563, 0.03568, -0.644083, -0.521018, 0.801961, -0.292231, 0.436883, -0.190382, 0.224558, 0.955682, 0.801253, 0.0, 0.0, 0.0, 1.0],
                [0.832042, 0.553135, 0.0418, -0.642502, -0.521989, 0.806231, -0.278422, 0.439274, -0.187706, 0.209839, 0.959549, 0.80617, 0.0, 0.0, 0.0, 1.0],
                [0.832042, 0.552697, 0.047236, -0.641068, -0.522833, 0.809828, -0.266127, 0.441496, -0.185341, 0.196733, 0.96278, 0.810509, 0.0, 0.0, 0.0, 1.0],
                [0.832042, 0.552266, 0.052029, -0.639781, -0.52356, 0.812844, -0.255283, 0.443529, -0.183275, 0.185165, 0.965466, 0.814309, 0.0, 0.0, 0.0, 1.0],
                [0.832042, 0.551856, 0.05622, -0.638639, -0.52418, 0.815358, -0.245819, 0.445361, -0.181496, 0.175063, 0.967684, 0.817605, 0.0, 0.0, 0.0, 1.0],
                [0.832042, 0.551474, 0.05985, -0.637637, -0.524699, 0.817439, -0.237664, 0.446984, -0.179989, 0.166344, 0.969502, 0.820435, 0.0, 0.0, 0.0, 1.0],
                [0.832042, 0.551127, 0.062959, -0.636769, -0.525125, 0.819146, -0.230743, 0.448398, -0.178742, 0.158926, 0.970976, 0.822833, 0.0, 0.0, 0.0, 1.0],
                [0.832042, 0.550821, 0.06559, -0.636028, -0.525465, 0.820531, -0.224976, 0.449604, -0.17774, 0.152725, 0.972154, 0.824836, 0.0, 0.0, 0.0, 1.0],
                [0.832042, 0.550555, 0.067782, -0.635405, -0.525725, 0.821637, -0.220284, 0.450608, -0.17697, 0.147651, 0.973078, 0.826476, 0.0, 0.0, 0.0, 1.0],
                [0.832042, 0.550331, 0.069575, -0.634892, -0.52591, 0.822502, -0.216585, 0.451419, -0.176419, 0.143618, 0.973781, 0.827787, 0.0, 0.0, 0.0, 1.0],
                [0.832042, 0.550148, 0.071011, -0.63448, -0.526027, 0.823157, -0.213795, 0.452048, -0.176072, 0.140533, 0.974294, 0.8288, 0.0, 0.0, 0.0, 1.0],
                [0.832042, 0.550003, 0.072128, -0.634157, -0.526079, 0.823631, -0.211832, 0.452511, -0.175915, 0.138308, 0.974641, 0.829548, 0.0, 0.0, 0.0, 1.0],
                [0.832042, 0.549892, 0.072967, -0.633914, -0.526073, 0.823948, -0.210611, 0.452821, -0.175935, 0.136851, 0.974843, 0.83006, 0.0, 0.0, 0.0, 1.0],
                [0.832042, 0.549812, 0.073569, -0.63374, -0.526012, 0.824131, -0.210047, 0.452995, -0.176116, 0.13607, 0.97492, 0.830368, 0.0, 0.0, 0.0, 1.0],
                [0.832042, 0.549758, 0.073972, -0.633623, -0.525901, 0.8242, -0.210054, 0.453051, -0.176446, 0.135872, 0.974888, 0.830501, 0.0, 0.0, 0.0, 1.0],
                [0.832042, 0.549725, 0.074216, -0.633552, -0.525745, 0.824173, -0.210548, 0.453007, -0.17691, 0.136166, 0.974763, 0.83049, 0.0, 0.0, 0.0, 1.0],
                [0.832042, 0.549708, 0.074342, -0.633515, -0.525548, 0.82407, -0.211442, 0.452882, -0.177494, 0.136859, 0.974559, 0.830365, 0.0, 0.0, 0.0, 1.0],
                [0.832042, 0.549701, 0.074388, -0.633502, -0.525315, 0.823908, -0.21265, 0.452693, -0.178183, 0.137857, 0.974293, 0.830155, 0.0, 0.0, 0.0, 1.0],
                [0.832042, 0.549701, 0.074395, -0.6335, -0.52505, 0.823704, -0.214088, 0.45246, -0.178963, 0.139069, 0.973977, 0.82989, 0.0, 0.0, 0.0, 1.0],
                [0.831995, 0.549802, 0.074167, -0.633471, -0.52476, 0.82329, -0.21638, 0.45212, -0.180027, 0.141107, 0.973488, 0.829487, 0.0, 0.0, 0.0, 1.0],
                [0.831845, 0.550128, 0.073434, -0.633377, -0.524452, 0.822434, -0.220344, 0.451587, -0.181612, 0.144779, 0.972654, 0.82882, 0.0, 0.0, 0.0, 1.0],
                [0.831578, 0.550705, 0.072116, -0.63321, -0.524124, 0.821058, -0.22618, 0.450846, -0.18377, 0.150289, 0.971412, 0.827855, 0.0, 0.0, 0.0, 1.0],
                [0.831182, 0.551559, 0.070128, -0.63296, -0.52377, 0.819067, -0.234083, 0.449891, -0.18655, 0.157834, 0.969684, 0.826555, 0.0, 0.0, 0.0, 1.0],
                [0.830645, 0.55271, 0.06738, -0.632617, -0.523382, 0.816344, -0.244241, 0.448721, -0.19, 0.167612, 0.967371, 0.824877, 0.0, 0.0, 0.0, 1.0],
                [0.829957, 0.55417, 0.063773, -0.632169, -0.522946, 0.81275, -0.256838, 0.44735, -0.194164, 0.179814, 0.964348, 0.822778, 0.0, 0.0, 0.0, 1.0],
                [0.829109, 0.555945, 0.059199, -0.631606, -0.522443, 0.808113, -0.272041, 0.445802, -0.199079, 0.194623, 0.960463, 0.820208, 0.0, 0.0, 0.0, 1.0],
                [0.828094, 0.558026, 0.053536, -0.630914, -0.521847, 0.802229, -0.290007, 0.444118, -0.20478, 0.212215, 0.955526, 0.817113, 0.0, 0.0, 0.0, 1.0],
                [0.826911, 0.560394, 0.046655, -0.630077, -0.521127, 0.794849, -0.310871, 0.442357, -0.211294, 0.232749, 0.949306, 0.813437, 0.0, 0.0, 0.0, 1.0],
                [0.825556, 0.563012, 0.038408, -0.629074, -0.520244, 0.785681, -0.334741, 0.440604, -0.21864, 0.256365, 0.941527, 0.809119, 0.0, 0.0, 0.0, 1.0],
                [0.824033, 0.565818, 0.028637, -0.627881, -0.519152, 0.774377, -0.361692, 0.438966, -0.226828, 0.283179, 0.931858, 0.804097, 0.0, 0.0, 0.0, 1.0],
                [0.822348, 0.568726, 0.017166, -0.626466, -0.517799, 0.760534, -0.391754, 0.437583, -0.235857, 0.313269, 0.91991, 0.79831, 0.0, 0.0, 0.0, 1.0],
                [0.820511, 0.571618, 0.00381, -0.624785, -0.516126, 0.743689, -0.4249, 0.436629, -0.245714, 0.346669, 0.905232, 0.791702, 0.0, 0.0, 0.0, 1.0],
                [0.818539, 0.574333, -0.011631, -0.622784, -0.514069, 0.723315, -0.461029, 0.436315, -0.256371, 0.38335, 0.887308, 0.784227, 0.0, 0.0, 0.0, 1.0],
                [0.816452, 0.576666, -0.029363, -0.620391, -0.511562, 0.698821, -0.499953, 0.436896, -0.267786, 0.423209, 0.865555, 0.775854, 0.0, 0.0, 0.0, 1.0],
                [0.814277, 0.578353, -0.049593, -0.617514, -0.508537, 0.669559, -0.541369, 0.438667, -0.279897, 0.466045, 0.839321, 0.766577, 0.0, 0.0, 0.0, 1.0],
                [0.812046, 0.579069, -0.072523, -0.61403, -0.504927, 0.634828, -0.584843, 0.441972, -0.292625, 0.511539, 0.807898, 0.756429, 0.0, 0.0, 0.0, 1.0],
                [0.809796, 0.578413, -0.098334, -0.60979, -0.500673, 0.593891, -0.629777, 0.447197, -0.305871, 0.559224, 0.770526, 0.745491, 0.0, 0.0, 0.0, 1.0],
                [0.807574, 0.575908, -0.127097, -0.604615, -0.495735, 0.546125, -0.675273, 0.454745, -0.319485, 0.60834, 0.726534, 0.733939, 0.0, 0.0, 0.0, 1.0],
                [0.805451, 0.571073, -0.158508, -0.598356, -0.49014, 0.491497, -0.719856, 0.46492, -0.333184, 0.6575, 0.675782, 0.722134, 0.0, 0.0, 0.0, 1.0],
                [0.80349, 0.563474, -0.192093, -0.590878, -0.483957, 0.430341, -0.761966, 0.477903, -0.346683, 0.705197, 0.618472, 0.71052, 0.0, 0.0, 0.0, 1.0],
                [0.801739, 0.552771, -0.227286, -0.582061, -0.477289, 0.363257, -0.80015, 0.493745, -0.359736, 0.749992, 0.555069, 0.699571, 0.0, 0.0, 0.0, 1.0],
                [0.800226, 0.538735, -0.263443, -0.571816, -0.470261, 0.291113, -0.833131, 0.512355, -0.372145, 0.79058, 0.486303, 0.689766, 0.0, 0.0, 0.0, 1.0],
                [0.798966, 0.521279, -0.299869, -0.5601, -0.463014, 0.215015, -0.859876, 0.533503, -0.383759, 0.825855, 0.41315, 0.681552, 0.0, 0.0, 0.0, 1.0],
                [0.797956, 0.500471, -0.335849, -0.546929, -0.455693, 0.136261, -0.879646, 0.556823, -0.394474, 0.854963, 0.336792, 0.675319, 0.0, 0.0, 0.0, 1.0],
                [0.79718, 0.476544, -0.370688, -0.532387, -0.44844, 0.056279, -0.892039, 0.581835, -0.404234, 0.877347, 0.258566, 0.671363, 0.0, 0.0, 0.0, 1.0],
                [0.796615, 0.449888, -0.403739, -0.516632, -0.441384, -0.023442, -0.897012, 0.607976, -0.413019, 0.892777, 0.179899, 0.669863, 0.0, 0.0, 0.0, 1.0],
                [0.796229, 0.421039, -0.434448, -0.499895, -0.434637, -0.101429, -0.894875, 0.63463, -0.420843, 0.901353, 0.102238, 0.670863, 0.0, 0.0, 0.0, 1.0],
                [0.79599, 0.390656, -0.462371, -0.482474, -0.428293, -0.176297, -0.886275, 0.661163, -0.427743, 0.903497, 0.026984, 0.674266, 0.0, 0.0, 0.0, 1.0],
                [0.795865, 0.359489, -0.487202, -0.464727, -0.422422, -0.246803, -0.872151, 0.686962, -0.433772, 0.89992, -0.044566, 0.679834, 0.0, 0.0, 0.0, 1.0],
                [0.795823, 0.328352, -0.508774, -0.447055, -0.417077, -0.311892, -0.85368, 0.711456, -0.43899, 0.891576, -0.111263, 0.687199, 0.0, 0.0, 0.0, 1.0],
                [0.795838, 0.298082, -0.527058, -0.429888, -0.412295, -0.37072, -0.832214, 0.734146, -0.443458, 0.87961, -0.172135, 0.695885, 0.0, 0.0, 0.0, 1.0],
                [0.795887, 0.269517, -0.542148, -0.413676, -0.408098, -0.422651, -0.80921, 0.75461, -0.447236, 0.86529, -0.226393, 0.705334, 0.0, 0.0, 0.0, 1.0],
                [0.795953, 0.243471, -0.554239, -0.398864, -0.404504, -0.467241, -0.786169, 0.772508, -0.450373, 0.849946, -0.273417, 0.714931, 0.0, 0.0, 0.0, 1.0],
                [0.796022, 0.220711, -0.563591, -0.38589, -0.401524, -0.504197, -0.764568, 0.787576, -0.45291, 0.834908, -0.312731, 0.724039, 0.0, 0.0, 0.0, 1.0],
                [0.796085, 0.201952, -0.570494, -0.375169, -0.399169, -0.533324, -0.745808, 0.799604, -0.454876, 0.82145, -0.343959, 0.732032, 0.0, 0.0, 0.0, 1.0],
                [0.796135, 0.187851, -0.575222, -0.367091, -0.397455, -0.554459, -0.731167, 0.808416, -0.456287, 0.810733, -0.366762, 0.73832, 0.0, 0.0, 0.0, 1.0],
                [0.796167, 0.179002, -0.577993, -0.362014, -0.396403, -0.567395, -0.721753, 0.813847, -0.457146, 0.803754, -0.380784, 0.742386, 0.0, 0.0, 0.0, 1.0],
                [0.796178, 0.175944, -0.578916, -0.360258, -0.396044, -0.571809, -0.718459, 0.815707, -0.457438, 0.801298, -0.385581, 0.743813, 0.0, 0.0, 0.0, 1.0],
                [0.796178, 0.175944, -0.578916, -0.360258, -0.396044, -0.571809, -0.718459, 0.815707, -0.457438, 0.801298, -0.385581, 0.743813, 0.0, 0.0, 0.0, 1.0]
            ]
        },
        {
            "name": "Tool_s_R",
            "time": [0.0, 0.0167, 0.0333, 0.05, 0.0667, 0.0833, 0.1, 0.1167, 0.1333, 0.15, 0.1667, 0.1833, 0.2, 0.2167, 0.2333, 0.25, 0.2667, 0.2833, 0.3, 0.3167, 0.3333, 0.35, 0.3667, 0.3833, 0.4, 0.4167, 0.4333, 0.45, 0.4667, 0.4833, 0.5, 0.5167, 0.5333, 0.55, 0.5667, 0.5833, 0.6, 0.6167, 0.6333, 0.65, 0.6667, 0.6833, 0.7, 0.7167, 0.7333, 0.75, 0.7667, 0.7833, 0.8, 0.8167, 0.8333, 0.85, 0.8667, 0.8833, 0.9, 0.9167, 0.9333, 0.95, 0.9667, 0.9833, 1.0, 1.0167, 1.0333, 1.05, 1.0667, 1.0833, 1.1, 1.1167, 1.1333, 1.15, 1.1667, 1.1833, 1.2, 1.2167, 1.2333, 1.25, 1.2667, 1.2833, 1.3, 1.3167, 1.3333, 1.35, 1.3667, 1.3833, 1.4, 1.4167, 1.4333, 1.45, 1.4667, 1.4833, 1.5, 1.5167, 1.5333, 1.55, 1.5667, 1.5833, 1.6],
            "transform": [
                [0.757413, -0.071243, 0.649038, 0.448424, -0.057367, -0.997447, -0.04254, 1.000164, 0.650411, -0.005013, -0.759566, 0.946727, 0.0, 0.0, 0.0, 1.0],
                [0.755337, -0.075359, 0.650989, 0.45206, -0.060175, -0.997146, -0.045609, 0.996631, 0.652568, -0.004723, -0.757716, 0.949872, 0.0, 0.0, 0.0, 1.0],
                [0.749354, -0.087464, 0.656368, 0.462686, -0.068034, -0.996162, -0.055071, 0.98615, 0.658665, -0.003388, -0.752429, 0.958483, 0.0, 0.0, 0.0, 1.0],
                [0.739824, -0.107576, 0.664145, 0.480103, -0.079856, -0.994197, -0.072081, 0.968447, 0.668045, 0.000291, -0.744121, 0.970866, 0.0, 0.0, 0.0, 1.0],
                [0.727207, -0.136047, 0.672801, 0.504241, -0.094225, -0.990669, -0.098478, 0.942718, 0.679921, 0.008219, -0.73324, 0.984851, 0.0, 0.0, 0.0, 1.0],
                [0.712249, -0.173287, 0.680201, 0.53489, -0.109401, -0.984611, -0.136282, 0.907723, 0.693349, 0.022652, -0.720246, 0.99798, 0.0, 0.0, 0.0, 1.0],
                [0.696172, -0.219364, 0.683538, 0.571341, -0.123417, -0.974565, -0.187063, 0.861916, 0.707187, 0.045867, -0.705538, 1.007775, 0.0, 0.0, 0.0, 1.0],
                [0.680812, -0.273433, 0.679506, 0.611973, -0.134344, -0.958585, -0.251132, 0.803751, 0.720032, 0.079686, -0.68935, 1.012117, 0.0, 0.0, 0.0, 1.0],
                [0.668558, -0.33315, 0.664862, 0.653959, -0.140759, -0.934569, -0.326754, 0.732246, 0.730218, 0.124868, -0.671707, 1.009709, 0.0, 0.0, 0.0, 1.0],
                [0.661944, -0.394393, 0.637405, 0.693356, -0.142277, -0.901031, -0.409757, 0.647805, 0.735927, 0.180548, -0.652545, 1.000476, 0.0, 0.0, 0.0, 1.0],
                [0.66291, -0.451743, 0.597058, 0.725854, -0.139846, -0.858137, -0.494009, 0.552963, 0.735522, 0.243987, -0.632042, 0.98566, 0.0, 0.0, 0.0, 1.0],
                [0.67203, -0.499839, 0.546385, 0.748028, -0.13548, -0.808371, -0.572872, 0.452493, 0.728025, 0.310963, -0.610968, 0.967441, 0.0, 0.0, 0.0, 1.0],
                [0.688197, -0.535042, 0.490015, 0.758478, -0.131456, -0.756172, -0.641033, 0.352532, 0.713516, 0.376742, -0.590729, 0.948222, 0.0, 0.0, 0.0, 1.0],
                [0.709022, -0.556431, 0.433212, 0.758153, -0.129421, -0.706564, -0.695714, 0.25906, 0.693209, 0.437209, -0.572983, 0.929943, 0.0, 0.0, 0.0, 1.0],
                [0.73167, -0.565626, 0.380429, 0.749721, -0.129944, -0.663595, -0.73672, 0.176576, 0.669159, 0.489601, -0.559033, 0.913783, 0.0, 0.0, 0.0, 1.0],
                [0.753621, -0.565788, 0.334574, 0.736535, -0.132641, -0.629435, -0.765649, 0.107563, 0.643788, 0.532631, -0.549401, 0.900243, 0.0, 0.0, 0.0, 1.0],
                [0.773036, -0.560509, 0.297061, 0.721766, -0.1366, -0.60438, -0.784899, 0.052739, 0.61948, 0.566177, -0.543773, 0.889408, 0.0, 0.0, 0.0, 1.0],
                [0.788767, -0.553047, 0.268301, 0.707975, -0.140804, -0.587435, -0.796928, 0.01171, 0.598348, 0.590813, -0.54122, 0.88119, 0.0, 0.0, 0.0, 1.0],
                [0.800831, -0.545551, 0.247072, 0.696383, -0.144598, -0.576478, -0.804217, -0.017972, 0.581173, 0.608316, -0.540546, 0.875144, 0.0, 0.0, 0.0, 1.0],
                [0.810031, -0.538842, 0.231302, 0.686971, -0.147809, -0.569341, -0.808704, -0.039652, 0.567453, 0.620887, -0.540829, 0.870654, 0.0, 0.0, 0.0, 1.0],
                [0.816809, -0.533358, 0.219891, 0.679725, -0.150346, -0.564781, -0.81143, -0.055121, 0.556973, 0.629724, -0.541506, 0.867401, 0.0, 0.0, 0.0, 1.0],
                [0.821587, -0.52922, 0.211946, 0.67446, -0.152218, -0.561932, -0.813057, -0.065775, 0.549385, 0.635736, -0.542233, 0.865132, 0.0, 0.0, 0.0, 1.0],
                [0.824751, -0.526355, 0.206728, 0.670902, -0.153496, -0.560216, -0.814001, -0.072717, 0.544266, 0.639616, -0.542832, 0.863641, 0.0, 0.0, 0.0, 1.0],
                [0.826654, -0.524584, 0.203604, 0.668734, -0.154279, -0.55925, -0.814517, -0.07685, 0.541148, 0.641912, -0.543239, 0.862746, 0.0, 0.0, 0.0, 1.0],
                [0.827627, -0.523665, 0.202011, 0.667618, -0.154683, -0.558777, -0.814765, -0.07895, 0.539543, 0.643074, -0.54346, 0.862291, 0.0, 0.0, 0.0, 1.0],
                [0.827985, -0.523325, 0.201427, 0.667206, -0.154832, -0.558606, -0.814854, -0.07972, 0.538952, 0.643499, -0.543544, 0.862123, 0.0, 0.0, 0.0, 1.0],
                [0.828036, -0.523276, 0.201344, 0.667147, -0.154853, -0.558582, -0.814866, -0.07983, 0.538867, 0.64356, -0.543556, 0.862099, 0.0, 0.0, 0.0, 1.0],
                [0.828036, -0.523276, 0.201344, 0.667147, -0.154853, -0.558582, -0.814866, -0.07983, 0.538867, 0.64356, -0.543557, 0.862099, 0.0, 0.0, 0.0, 1.0],
                [0.828036, -0.523276, 0.201344, 0.667147, -0.154854, -0.558582, -0.814866, -0.07983, 0.538867, 0.64356, -0.543557, 0.862099, 0.0, 0.0, 0.0, 1.0],
                [0.828036, -0.523276, 0.201344, 0.667147, -0.154853, -0.558582, -0.814866, -0.07983, 0.538867, 0.64356, -0.543557, 0.862099, 0.0, 0.0, 0.0, 1.0],
                [0.827079, -0.542178, 0.148269, 0.668865, -0.032227, -0.30909, -0.950487, -0.045078, 0.561162, 0.781349, -0.273115, 0.835202, 0.0, 0.0, 0.0, 1.0],
                [0.8249, -0.564717, 0.025178, 0.667007, 0.25008, 0.324629, -0.912182, 0.068161, 0.506952, 0.758756, 0.409011, 0.833104, 0.0, 0.0, 0.0, 1.0],
                [0.822722, -0.559402, -0.100985, 0.65701, 0.471431, 0.770722, -0.42865, 0.282856, 0.317619, 0.305053, 0.897809, 0.863344, 0.0, 0.0, 0.0, 1.0],
                [0.821731, -0.547107, -0.159476, 0.649139, 0.532959, 0.836877, -0.124864, 0.419714, 0.201776, 0.01761, 0.979273, 0.865528, 0.0, 0.0, 0.0, 1.0],
                [0.82165, -0.545979, -0.163704, 0.647869, 0.534804, 0.837795, -0.109934, 0.424036, 0.197172, 0.002777, 0.980365, 0.868338, 0.0, 0.0, 0.0, 1.0],
                [0.821558, -0.54495, -0.167549, 0.646713, 0.536483, 0.8384, -0.096292, 0.428083, 0.192947, -0.010778, 0.98115, 0.87086, 0.0, 0.0, 0.0, 1.0],
                [0.821458, -0.544019, -0.17103, 0.645666, 0.538008, 0.838755, -0.083891, 0.431846, 0.18909, -0.023103, 0.981688, 0.873112, 0.0, 0.0, 0.0, 1.0],
                [0.821351, -0.543184, -0.174166, 0.644725, 0.539388, 0.838915, -0.07268, 0.435321, 0.185589, -0.034248, 0.982031, 0.875114, 0.0, 0.0, 0.0, 1.0],
                [0.82124, -0.542442, -0.176978, 0.643885, 0.540632, 0.838926, -0.062608, 0.438503, 0.182433, -0.044264, 0.982222, 0.876885, 0.0, 0.0, 0.0, 1.0],
                [0.821128, -0.541788, -0.179484, 0.64314, 0.541747, 0.83883, -0.053623, 0.441395, 0.179609, -0.053204, 0.982298, 0.87844, 0.0, 0.0, 0.0, 1.0],
                [0.821016, -0.541218, -0.181704, 0.642486, 0.542739, 0.838659, -0.045673, 0.443998, 0.177107, -0.061119, 0.982292, 0.879797, 0.0, 0.0, 0.0, 1.0],
                [0.820907, -0.540724, -0.183656, 0.641914, 0.543615, 0.838442, -0.038705, 0.446317, 0.174913, -0.068065, 0.982229, 0.88097, 0.0, 0.0, 0.0, 1.0],
                [0.820804, -0.5403, -0.185358, 0.641419, 0.544377, 0.838204, -0.032666, 0.448361, 0.173017, -0.074093, 0.982128, 0.881974, 0.0, 0.0, 0.0, 1.0],
                [0.820707, -0.53994, -0.18683, 0.640995, 0.545032, 0.837964, -0.027503, 0.450137, 0.171406, -0.079257, 0.982007, 0.882821, 0.0, 0.0, 0.0, 1.0],
                [0.82062, -0.539634, -0.188089, 0.640633, 0.545582, 0.837738, -0.023162, 0.451656, 0.170068, -0.08361, 0.981879, 0.883523, 0.0, 0.0, 0.0, 1.0],
                [0.820546, -0.539376, -0.189153, 0.640327, 0.546029, 0.837538, -0.019592, 0.45293, 0.16899, -0.087207, 0.981752, 0.884093, 0.0, 0.0, 0.0, 1.0],
                [0.820485, -0.539156, -0.190041, 0.640069, 0.546376, 0.837373, -0.016738, 0.453972, 0.16816, -0.0901, 0.981633, 0.884542, 0.0, 0.0, 0.0, 1.0],
                [0.820441, -0.538965, -0.19077, 0.639853, 0.546625, 0.837251, -0.014549, 0.454795, 0.167564, -0.092343, 0.981527, 0.884878, 0.0, 0.0, 0.0, 1.0],
                [0.820416, -0.538795, -0.191358, 0.639669, 0.546777, 0.837178, -0.012972, 0.455415, 0.16719, -0.093988, 0.981435, 0.885113, 0.0, 0.0, 0.0, 1.0],
                [0.820412, -0.538635, -0.191823, 0.63951, 0.546833, 0.837156, -0.011955, 0.455845, 0.167026, -0.095087, 0.981357, 0.885255, 0.0, 0.0, 0.0, 1.0],
                [0.820431, -0.538478, -0.192183, 0.639369, 0.546796, 0.837188, -0.011445, 0.456103, 0.167057, -0.095695, 0.981292, 0.885313, 0.0, 0.0, 0.0, 1.0],
                [0.820476, -0.538312, -0.192456, 0.639236, 0.546663, 0.837276, -0.01139, 0.456203, 0.16727, -0.095863, 0.98124, 0.885296, 0.0, 0.0, 0.0, 1.0],
                [0.820549, -0.538129, -0.192658, 0.639105, 0.546436, 0.837419, -0.011737, 0.456163, 0.167651, -0.095644, 0.981196, 0.885213, 0.0, 0.0, 0.0, 1.0],
                [0.820652, -0.537918, -0.192807, 0.638967, 0.546116, 0.837617, -0.012435, 0.456, 0.168188, -0.09509, 0.981158, 0.885071, 0.0, 0.0, 0.0, 1.0],
                [0.820788, -0.537669, -0.192923, 0.638814, 0.545703, 0.837871, -0.013431, 0.455729, 0.168866, -0.094255, 0.981122, 0.884878, 0.0, 0.0, 0.0, 1.0],
                [0.820959, -0.537373, -0.193021, 0.638639, 0.545196, 0.83818, -0.014672, 0.455368, 0.169671, -0.093189, 0.981085, 0.884644, 0.0, 0.0, 0.0, 1.0],
                [0.821166, -0.537021, -0.193119, 0.638432, 0.544597, 0.838544, -0.016107, 0.454933, 0.170589, -0.091946, 0.981043, 0.884375, 0.0, 0.0, 0.0, 1.0],
                [0.821499, -0.536505, -0.19314, 0.638275, 0.543656, 0.839105, -0.018489, 0.454116, 0.171985, -0.089813, 0.980997, 0.884016, 0.0, 0.0, 0.0, 1.0],
                [0.822062, -0.535699, -0.192977, 0.638269, 0.542063, 0.84003, -0.022767, 0.45253, 0.174303, -0.08589, 0.980939, 0.883492, 0.0, 0.0, 0.0, 1.0],
                [0.822887, -0.534562, -0.192612, 0.638432, 0.539719, 0.841339, -0.029179, 0.450082, 0.17765, -0.079946, 0.980841, 0.882778, 0.0, 0.0, 0.0, 1.0],
                [0.824002, -0.533052, -0.192033, 0.638784, 0.536517, 0.843035, -0.037965, 0.446684, 0.182128, -0.071746, 0.980654, 0.881846, 0.0, 0.0, 0.0, 1.0],
                [0.825429, -0.531127, -0.191236, 0.639338, 0.532341, 0.84509, -0.049366, 0.442259, 0.187831, -0.061054, 0.980302, 0.88066, 0.0, 0.0, 0.0, 1.0],
                [0.827189, -0.528747, -0.190227, 0.640108, 0.527061, 0.847442, -0.063626, 0.436738, 0.194848, -0.04763, 0.979676, 0.879178, 0.0, 0.0, 0.0, 1.0],
                [0.829295, -0.525871, -0.189025, 0.641101, 0.520535, 0.849991, -0.080985, 0.430071, 0.203258, -0.031234, 0.978627, 0.877347, 0.0, 0.0, 0.0, 1.0],
                [0.831755, -0.522462, -0.187665, 0.642323, 0.512603, 0.852583, -0.101682, 0.422219, 0.213125, -0.011623, 0.976956, 0.875107, 0.0, 0.0, 0.0, 1.0],
                [0.834566, -0.518488, -0.186197, 0.643775, 0.503089, 0.855008, -0.125947, 0.413171, 0.224502, 0.011438, 0.974406, 0.872387, 0.0, 0.0, 0.0, 1.0],
                [0.837718, -0.513924, -0.184692, 0.645454, 0.491792, 0.856986, -0.153997, 0.402935, 0.237421, 0.038176, 0.970656, 0.869108, 0.0, 0.0, 0.0, 1.0],
                [0.841185, -0.508753, -0.183242, 0.647355, 0.478495, 0.858159, -0.186024, 0.391554, 0.251892, 0.0688, 0.965307, 0.865179, 0.0, 0.0, 0.0, 1.0],
                [0.844929, -0.502976, -0.181962, 0.649469, 0.462955, 0.858082, -0.222188, 0.379103, 0.267893, 0.103493, 0.957874, 0.860506, 0.0, 0.0, 0.0, 1.0],
                [0.848893, -0.496613, -0.180989, 0.651787, 0.444908, 0.856212, -0.262598, 0.365699, 0.285374, 0.142394, 0.947779, 0.85499, 0.0, 0.0, 0.0, 1.0],
                [0.852998, -0.489715, -0.180483, 0.654301, 0.424068, 0.851903, -0.307292, 0.351503, 0.30424, 0.185582, 0.934343, 0.848534, 0.0, 0.0, 0.0, 1.0],
                [0.857144, -0.482368, -0.180627, 0.657007, 0.40013, 0.844398, -0.356214, 0.336729, 0.324347, 0.233052, 0.91678, 0.84105, 0.0, 0.0, 0.0, 1.0],
                [0.861202, -0.474707, -0.181617, 0.659908, 0.372777, 0.832831, -0.409182, 0.321647, 0.345498, 0.284686, 0.894195, 0.832469, 0.0, 0.0, 0.0, 1.0],
                [0.865016, -0.466924, -0.183656, 0.66302, 0.341682, 0.816231, -0.465854, 0.306584, 0.367425, 0.340219, 0.865593, 0.822754, 0.0, 0.0, 0.0, 1.0],
                [0.868394, -0.459286, -0.186945, 0.666378, 0.306526, 0.793534, -0.525686, 0.291929, 0.389787, 0.399199, 0.829883, 0.811913, 0.0, 0.0, 0.0, 1.0],
                [0.871105, -0.45216, -0.191645, 0.670029, 0.267104, 0.763693, -0.587732, 0.278159, 0.412107, 0.460787, 0.78603, 0.80005, 0.0, 0.0, 0.0, 1.0],
                [0.872881, -0.446044, -0.1978, 0.674008, 0.223684, 0.726077, -0.650213, 0.265887, 0.433642, 0.523314, 0.733551, 0.78747, 0.0, 0.0, 0.0, 1.0],
                [0.873481, -0.441448, -0.205315, 0.678364, 0.176744, 0.680469, -0.711143, 0.255652, 0.453643, 0.584882, 0.6724, 0.774591, 0.0, 0.0, 0.0, 1.0],
                [0.87272, -0.438839, -0.213963, 0.683163, 0.126876, 0.627051, -0.768576, 0.247847, 0.471447, 0.643605, 0.602918, 0.761891, 0.0, 0.0, 0.0, 1.0],
                [0.870473, -0.438602, -0.223397, 0.688473, 0.074773, 0.566421, -0.820717, 0.242701, 0.486504, 0.697708, 0.525849, 0.749879, 0.0, 0.0, 0.0, 1.0],
                [0.866687, -0.441004, -0.233174, 0.694349, 0.021206, 0.499567, -0.866015, 0.240271, 0.498402, 0.74562, 0.44232, 0.739059, 0.0, 0.0, 0.0, 1.0],
                [0.861384, -0.44617, -0.242797, 0.700819, -0.033003, 0.42782, -0.903261, 0.240448, 0.506881, 0.786068, 0.353792, 0.72989, 0.0, 0.0, 0.0, 1.0],
                [0.85466, -0.454068, -0.251753, 0.707876, -0.087013, 0.352768, -0.931656, 0.242981, 0.511846, 0.818155, 0.261987, 0.722745, 0.0, 0.0, 0.0, 1.0],
                [0.846676, -0.464505, -0.259566, 0.715468, -0.139998, 0.27616, -0.950861, 0.247499, 0.513361, 0.84141, 0.168789, 0.71789, 0.0, 0.0, 0.0, 1.0],
                [0.837656, -0.47714, -0.265838, 0.723499, -0.191178, 0.199796, -0.961006, 0.253553, 0.511648, 0.855815, 0.076142, 0.715447, 0.0, 0.0, 0.0, 1.0],
                [0.827866, -0.491508, -0.270292, 0.73183, -0.239844, 0.125419, -0.962676, 0.260658, 0.507062, 0.861795, -0.014055, 0.715396, 0.0, 0.0, 0.0, 1.0],
                [0.817608, -0.507052, -0.272793, 0.740286, -0.285379, 0.054622, -0.956857, 0.268325, 0.500077, 0.860183, -0.100043, 0.71757, 0.0, 0.0, 0.0, 1.0],
                [0.8072, -0.523163, -0.273366, 0.748667, -0.327263, -0.011224, -0.944867, 0.276103, 0.491251, 0.852159, -0.180272, 0.721663, 0.0, 0.0, 0.0, 1.0],
                [0.796968, -0.539216, -0.272193, 0.756761, -0.36508, -0.071011, -0.928264, 0.283602, 0.481206, 0.839169, -0.25345, 0.727258, 0.0, 0.0, 0.0, 1.0],
                [0.787233, -0.554602, -0.269595, 0.764352, -0.398506, -0.12391, -0.908757, 0.290508, 0.470593, 0.822839, -0.318558, 0.733851, 0.0, 0.0, 0.0, 1.0],
                [0.778301, -0.568758, -0.266011, 0.771234, -0.427297, -0.16935, -0.888109, 0.296592, 0.46007, 0.804882, -0.374834, 0.740884, 0.0, 0.0, 0.0, 1.0],
                [0.770461, -0.58118, -0.261954, 0.777213, -0.451263, -0.206975, -0.868057, 0.301698, 0.45028, 0.787014, -0.421731, 0.747773, 0.0, 0.0, 0.0, 1.0],
                [0.763978, -0.591429, -0.257973, 0.782116, -0.470246, -0.236578, -0.850235, 0.305739, 0.441823, 0.770871, -0.458857, 0.753945, 0.0, 0.0, 0.0, 1.0],
                [0.759092, -0.599129, -0.254606, 0.785785, -0.484084, -0.258015, -0.836117, 0.308666, 0.43525, 0.75794, -0.485886, 0.758869, 0.0, 0.0, 0.0, 1.0],
                [0.756022, -0.603954, -0.25233, 0.78808, -0.492586, -0.271113, -0.826956, 0.310452, 0.431034, 0.749491, -0.502467, 0.762079, 0.0, 0.0, 0.0, 1.0],
                [0.75496, -0.605621, -0.251515, 0.788872, -0.495494, -0.275578, -0.823737, 0.311059, 0.429561, 0.746512, -0.508131, 0.76321, 0.0, 0.0, 0.0, 1.0],
                [0.75496, -0.605621, -0.251515, 0.788872, -0.495494, -0.275578, -0.823737, 0.311059, 0.429561, 0.746512, -0.508131, 0.76321, 0.0, 0.0, 0.0, 1.0]
            ]
        },
        {
            "name": "Leg_ik_L",
            "time": [0.0, 0.0167, 0.0333, 0.05, 0.0667, 0.0833, 0.1, 0.1167, 0.1333, 0.15, 0.1667, 0.1833, 0.2, 0.2167, 0.2333, 0.25, 0.2667, 0.2833, 0.3, 0.3167, 0.3333, 0.35, 0.3667, 0.3833, 0.4, 0.4167, 0.4333, 0.45, 0.4667, 0.4833, 0.5, 0.5167, 0.5333, 0.55, 0.5667, 0.5833, 0.6, 0.6167, 0.6333, 0.65, 0.6667, 0.6833, 0.7, 0.7167, 0.7333, 0.75, 0.7667, 0.7833, 0.8, 0.8167, 0.8333, 0.85, 0.8667, 0.8833, 0.9, 0.9167, 0.9333, 0.95, 0.9667, 0.9833, 1.0, 1.0167, 1.0333, 1.05, 1.0667, 1.0833, 1.1, 1.1167, 1.1333, 1.15, 1.1667, 1.1833, 1.2, 1.2167, 1.2333, 1.25, 1.2667, 1.2833, 1.3, 1.3167, 1.3333, 1.35, 1.3667, 1.3833, 1.4, 1.4167, 1.4333, 1.45, 1.4667, 1.4833, 1.5, 1.5167, 1.5333, 1.55, 1.5667, 1.5833, 1.6],
            "transform": [
                [1.0, 0.0, 1e-06, -0.349391, 0.0, 1.0, 0.0, -0.499934, -1e-06, 0.0, 1.0, 0.008761, 0.0, 0.0, 0.0, 1.0],
                [1.0, 0.0, 1e-06, -0.348384, 0.0, 1.0, 0.0, -0.492715, -1e-06, 0.0, 1.0, 0.013568, 0.0, 0.0, 0.0, 1.0],
                [1.0, 0.0, 1e-06, -0.345506, 0.0, 1.0, 0.0, -0.472065, -1e-06, 0.0, 1.0, 0.02732, 0.0, 0.0, 0.0, 1.0],
                [1.0, 0.0, 1e-06, -0.340967, 0.0, 1.0, 0.0, -0.439495, -1e-06, 0.0, 1.0, 0.049009, 0.0, 0.0, 0.0, 1.0],
                [1.0, 0.0, 1e-06, -0.334977, 0.0, 1.0, 0.0, -0.396516, -1e-06, 0.0, 1.0, 0.077629, 0.0, 0.0, 0.0, 1.0],
                [1.0, 0.0, 1e-06, -0.327746, 0.0, 1.0, 0.0, -0.344639, -1e-06, 0.0, 1.0, 0.112175, 0.0, 0.0, 0.0, 1.0],
                [1.0, 0.0, 1e-06, -0.319487, 0.0, 1.0, 0.0, -0.285376, -1e-06, 0.0, 1.0, 0.15164, 0.0, 0.0, 0.0, 1.0],
                [1.0, 0.0, 1e-06, -0.310408, 0.0, 1.0, 0.0, -0.220237, -1e-06, 0.0, 1.0, 0.195018, 0.0, 0.0, 0.0, 1.0],
                [1.0, 0.0, 1e-06, -0.300721, 0.0, 1.0, 0.0, -0.150734, -1e-06, 0.0, 1.0, 0.241302, 0.0, 0.0, 0.0, 1.0],
                [1.0, 0.0, 1e-06, -0.290636, 0.0, 1.0, 0.0, -0.078377, -1e-06, 0.0, 1.0, 0.289486, 0.0, 0.0, 0.0, 1.0],
                [1.0, 0.0, 1e-06, -0.280364, 0.0, 1.0, 0.0, -0.004678, -1e-06, 0.0, 1.0, 0.338564, 0.0, 0.0, 0.0, 1.0],
                [1.0, 0.0, 1e-06, -0.270116, 0.0, 1.0, 0.0, 0.068853, -1e-06, 0.0, 1.0, 0.38753, 0.0, 0.0, 0.0, 1.0],
                [1.0, 0.0, 1e-06, -0.260102, 0.0, 1.0, 0.0, 0.140704, -1e-06, 0.0, 1.0, 0.435377, 0.0, 0.0, 0.0, 1.0],
                [1.0, 0.0, 1e-06, -0.250532, 0.0, 1.0, 0.0, 0.209364, -1e-06, 0.0, 1.0, 0.4811, 0.0, 0.0, 0.0, 1.0],
                [1.0, 0.0, 1e-06, -0.241618, 0.0, 1.0, 0.0, 0.273322, -1e-06, 0.0, 1.0, 0.523691, 0.0, 0.0, 0.0, 1.0],
                [1.0, 0.0, 1e-06, -0.23357, 0.0, 1.0, 0.0, 0.331068, -1e-06, 0.0, 1.0, 0.562145, 0.0, 0.0, 0.0, 1.0],
                [1.0, 0.0, 1e-06, -0.226598, 0.0, 1.0, 0.0, 0.381089, -1e-06, 0.0, 1.0, 0.595456, 0.0, 0.0, 0.0, 1.0],
                [1.0, 0.0, 1e-06, -0.220913, 0.0, 1.0, 0.0, 0.421876, -1e-06, 0.0, 1.0, 0.622617, 0.0, 0.0, 0.0, 1.0],
                [1.0, 0.0, 1e-06, -0.216474, 0.0, 1.0, 0.0, 0.453725, -1e-06, 0.0, 1.0, 0.643826, 0.0, 0.0, 0.0, 1.0],
                [1.0, 0.0, 1e-06, -0.213017, 0.0, 1.0, 0.0, 0.478529, -1e-06, 0.0, 1.0, 0.660343, 0.0, 0.0, 0.0, 1.0],
                [1.0, 0.0, 1e-06, -0.210419, 0.0, 1.0, 0.0, 0.497169, -1e-06, 0.0, 1.0, 0.672756, 0.0, 0.0, 0.0, 1.0],
                [1.0, 0.0, 1e-06, -0.208558, 0.0, 1.0, 0.0, 0.510525, -1e-06, 0.0, 1.0, 0.68165, 0.0, 0.0, 0.0, 1.0],
                [1.0, 0.0, 1e-06, -0.20731, 0.0, 1.0, 0.0, 0.519478, -1e-06, 0.0, 1.0, 0.687613, 0.0, 0.0, 0.0, 1.0],
                [1.0, 0.0, 1e-06, -0.206553, 0.0, 1.0, 0.0, 0.524909, -1e-06, 0.0, 1.0, 0.691229, 0.0, 0.0, 0.0, 1.0],
                [1.0, 0.0, 1e-06, -0.206164, 0.0, 1.0, 0.0, 0.527697, -1e-06, 0.0, 1.0, 0.693086, 0.0, 0.0, 0.0, 1.0],
                [1.0, 0.0, 1e-06, -0.206021, 0.0, 1.0, 0.0, 0.528725, -1e-06, 0.0, 1.0, 0.69377, 0.0, 0.0, 0.0, 1.0],
                [1.0, 0.0, 1e-06, -0.206001, 0.0, 1.0, 0.0, 0.528872, -1e-06, 0.0, 1.0, 0.693868, 0.0, 0.0, 0.0, 1.0],
                [1.0, 0.0, 1e-06, -0.206001, 0.0, 1.0, 0.0, 0.528872, -1e-06, 0.0, 1.0, 0.693868, 0.0, 0.0, 0.0, 1.0],
                [1.0, 0.0, 1e-06, -0.206001, 0.0, 1.0, 0.0, 0.528872, -1e-06, 0.0, 1.0, 0.693868, 0.0, 0.0, 0.0, 1.0],
                [1.0, 0.0, 1e-06, -0.206001, 0.0, 1.0, 0.0, 0.528872, -1e-06, 0.0, 1.0, 0.693868, 0.0, 0.0, 0.0, 1.0],
                [1.0, 0.0, 1e-06, -0.206001, 0.0, 1.0, 0.0, 0.606648, -1e-06, 0.0, 1.0, 0.577596, 0.0, 0.0, 0.0, 1.0],
                [1.0, 0.0, 1e-06, -0.206001, 0.0, 1.0, 0.0, 0.726352, -1e-06, 0.0, 1.0, 0.321799, 0.0, 0.0, 0.0, 1.0],
                [1.0, 0.0, 1e-06, -0.206001, 0.0, 1.0, 0.0, 0.775267, -1e-06, 0.0, 1.0, 0.066002, 0.0, 0.0, 0.0, 1.0],
                [1.0, 0.0, 1e-06, -0.206001, 0.0, 1.0, 0.0, 0.782255, -1e-06, 0.0, 1.0, -0.050269, 0.0, 0.0, 0.0, 1.0],
                [1.0, 0.0, 1e-06, -0.206001, 0.0, 1.0, 0.0, 0.782255, -1e-06, 0.0, 1.0, -0.050263, 0.0, 0.0, 0.0, 1.0],
                [1.0, 0.0, 1e-06, -0.206001, 0.0, 1.0, 0.0, 0.782255, -1e-06, 0.0, 1.0, -0.050243, 0.0, 0.0, 0.0, 1.0],
                [1.0, 0.0, 1e-06, -0.206001, 0.0, 1.0, 0.0, 0.782255, -1e-06, 0.0, 1.0, -0.050208, 0.0, 0.0, 0.0, 1.0],
                [1.0, 0.0, 1e-06, -0.206001, 0.0, 1.0, 0.0, 0.782255, -1e-06, 0.0, 1.0, -0.050157, 0.0, 0.0, 0.0, 1.0],
                [1.0, 0.0, 1e-06, -0.206001, 0.0, 1.0, 0.0, 0.782255, -1e-06, 0.0, 1.0, -0.050089, 0.0, 0.0, 0.0, 1.0],
                [1.0, 0.0, 1e-06, -0.206001, 0.0, 1.0, 0.0, 0.782255, -1e-06, 0.0, 1.0, -0.050002, 0.0, 0.0, 0.0, 1.0],
                [1.0, 0.0, 1e-06, -0.206001, 0.0, 1.0, 0.0, 0.782255, -1e-06, 0.0, 1.0, -0.049895, 0.0, 0.0, 0.0, 1.0],
                [1.0, 0.0, 1e-06, -0.206001, 0.0, 1.0, 0.0, 0.782255, -1e-06, 0.0, 1.0, -0.049766, 0.0, 0.0, 0.0, 1.0],
                [1.0, 0.0, 1e-06, -0.206001, 0.0, 1.0, 0.0, 0.782255, -1e-06, 0.0, 1.0, -0.049614, 0.0, 0.0, 0.0, 1.0],
                [1.0, 0.0, 1e-06, -0.206001, 0.0, 1.0, 0.0, 0.782255, -1e-06, 0.0, 1.0, -0.049439, 0.0, 0.0, 0.0, 1.0],
                [1.0, 0.0, 1e-06, -0.206001, 0.0, 1.0, 0.0, 0.782255, -1e-06, 0.0, 1.0, -0.049237, 0.0, 0.0, 0.0, 1.0],
                [1.0, 0.0, 1e-06, -0.206001, 0.0, 1.0, 0.0, 0.782255, -1e-06, 0.0, 1.0, -0.049009, 0.0, 0.0, 0.0, 1.0],
                [1.0, 0.0, 1e-06, -0.206001, 0.0, 1.0, 0.0, 0.782255, -1e-06, 0.0, 1.0, -0.048753, 0.0, 0.0, 0.0, 1.0],
                [1.0, 0.0, 1e-06, -0.206001, 0.0, 1.0, 0.0, 0.782255, -1e-06, 0.0, 1.0, -0.048468, 0.0, 0.0, 0.0, 1.0],
                [1.0, 0.0, 1e-06, -0.206001, 0.0, 1.0, 0.0, 0.782255, -1e-06, 0.0, 1.0, -0.048151, 0.0, 0.0, 0.0, 1.0],
                [1.0, 0.0, 1e-06, -0.206001, 0.0, 1.0, 0.0, 0.782255, -1e-06, 0.0, 1.0, -0.047803, 0.0, 0.0, 0.0, 1.0],
                [1.0, 0.0, 1e-06, -0.206001, 0.0, 1.0, 0.0, 0.782255, -1e-06, 0.0, 1.0, -0.047421, 0.0, 0.0, 0.0, 1.0],
                [1.0, 0.0, 1e-06, -0.206001, 0.0, 1.0, 0.0, 0.782255, -1e-06, 0.0, 1.0, -0.047005, 0.0, 0.0, 0.0, 1.0],
