{
    "animation": [
        {
            "name": "Tool_s_L",
            "time": [0.0, 0.0167, 0.0333, 0.05, 0.0667, 0.0833, 0.1, 0.1167, 0.1333, 0.15, 0.1667, 0.1833, 0.2, 0.2167, 0.2333, 0.25, 0.2667, 0.2833, 0.3, 0.3167, 0.3333, 0.35, 0.3667, 0.3833, 0.4, 0.4167, 0.4333, 0.45, 0.4667, 0.4833, 0.5, 0.5167, 0.5333, 0.55, 0.5667, 0.5833, 0.6, 0.6167, 0.6333, 0.65, 0.6667, 0.6833, 0.7, 0.7167, 0.7333, 0.75, 0.7667, 0.7833, 0.8, 0.8167, 0.8333, 0.85, 0.8667, 0.8833, 0.9, 0.9167, 0.9333, 0.95, 0.9667, 0.9833, 1.0, 1.0167, 1.0333, 1.05, 1.0667, 1.0833, 1.1, 1.1167, 1.1333, 1.15, 1.1667, 1.1833, 1.2, 1.2167, 1.2333, 1.25, 1.2667, 1.2833, 1.3, 1.3167, 1.3333, 1.35, 1.3667, 1.3833, 1.4, 1.4167, 1.4333, 1.45, 1.4667, 1.4833, 1.5, 1.5167, 1.5333, 1.55, 1.5667, 1.5833, 1.6],
            "transform": [
                [0.832042, 0.549701, 0.074394, -0.6335, -0.52505, 0.823704, -0.214088, -0.007804, -0.178963, 0.139069, 0.973977, 0.82989, 0.0, 0.0, 0.0, 1.0],
                [0.814384, 0.579454, 0.0318, -0.6484, -0.552946, 0.791429, -0.260557, 0.009521, -0.176149, 0.19461, 0.964934, 0.808974, 0.0, 0.0, 0.0, 1.0],
                [0.759953, 0.642826, -0.096151, -0.682775, -0.62615, 0.684353, -0.373625, 0.066454, -0.174375, 0.344143, 0.922583, 0.750371, 0.0, 0.0, 0.0, 1.0],
                [0.664631, 0.68103, -0.307349, -0.712301, -0.722951, 0.482272, -0.494727, 0.174935, -0.188698, 0.551009, 0.812885, 0.663192, 0.0, 0.0, 0.0, 1.0],
                [0.532128, 0.625197, -0.570936, -0.704558, -0.813486, 0.190615, -0.54946, 0.338769, -0.234692, 0.756832, 0.610021, 0.566303, 0.0, 0.0, 0.0, 1.0],
                [0.382748, 0.433457, -0.815855, -0.6327, -0.867069, -0.136288, -0.479183, 0.540075, -0.318897, 0.890809, 0.323673, 0.48847, 0.0, 0.0, 0.0, 1.0],
                [0.249587, 0.126902, -0.960001, -0.49418, -0.866814, -0.412654, -0.279908, 0.740783, -0.431669, 0.902005, 0.007008, 0.456856, 0.0, 0.0, 0.0, 1.0],
                [0.161351, -0.215129, -0.963164, -0.316956, -0.819566, -0.572908, -0.009332, 0.902044, -0.549797, 0.790883, -0.268752, 0.480917, 0.0, 0.0, 0.0, 1.0],
                [0.125579, -0.505297, -0.853759, -0.144018, -0.75041, -0.61129, 0.251414, 1.005624, -0.648933, 0.609098, -0.455945, 0.545913, 0.0, 0.0, 0.0, 1.0],
                [0.127103, -0.697339, -0.705381, -0.010405, -0.68687, -0.574924, 0.444602, 1.058583, -0.715579, 0.427995, -0.552057, 0.621438, 0.0, 0.0, 0.0, 1.0],
                [0.14049, -0.792402, -0.593601, 0.066692, -0.647531, -0.527082, 0.550352, 1.081105, -0.748976, 0.307056, -0.587155, 0.675642, 0.0, 0.0, 0.0, 1.0],
                [0.15188, -0.837158, -0.525451, 0.107739, -0.626168, -0.492824, 0.604184, 1.091446, -0.764752, 0.237257, -0.599052, 0.708013, 0.0, 0.0, 0.0, 1.0],
                [0.162662, -0.868214, -0.46877, 0.139205, -0.60908, -0.462127, 0.644562, 1.096634, -0.776249, 0.180672, -0.603983, 0.735357, 0.0, 0.0, 0.0, 1.0],
                [0.172105, -0.889395, -0.423506, 0.162793, -0.596014, -0.436316, 0.674088, 1.099445, -0.784312, 0.136401, -0.605185, 0.757283, 0.0, 0.0, 0.0, 1.0],
                [0.1799, -0.903588, -0.3888, 0.18003, -0.586732, -0.415809, 0.694874, 1.102194, -0.789545, 0.103113, -0.604968, 0.773745, 0.0, 0.0, 0.0, 1.0],
                [0.186043, -0.912898, -0.363326, 0.192249, -0.581035, -0.400415, 0.708566, 1.106854, -0.792329, 0.079281, -0.60492, 0.784918, 0.0, 0.0, 0.0, 1.0],
                [0.190744, -0.918829, -0.3455, 0.200608, -0.578772, -0.389545, 0.716434, 1.115152, -0.792867, 0.06331, -0.606096, 0.791108, 0.0, 0.0, 0.0, 1.0],
                [0.194347, -0.922464, -0.333601, 0.206138, -0.579826, -0.382344, 0.719455, 1.128642, -0.791221, 0.053607, -0.609176, 0.792699, 0.0, 0.0, 0.0, 1.0],
                [0.197278, -0.924615, -0.325836, 0.209783, -0.584095, -0.377792, 0.718406, 1.148757, -0.787346, 0.048593, -0.614593, 0.790118, 0.0, 0.0, 0.0, 1.0],
                [0.199992, -0.925939, -0.320373, 0.212448, -0.591485, -0.374771, 0.713927, 1.176848, -0.78112, 0.046717, -0.622631, 0.78381, 0.0, 0.0, 0.0, 1.0],
                [0.202926, -0.927025, -0.315351, 0.21504, -0.601901, -0.372115, 0.706573, 1.21421, -0.772357, 0.046429, -0.633489, 0.774229, 0.0, 0.0, 0.0, 1.0],
                [0.243783, -0.846612, -0.473094, 0.089753, -0.592328, -0.516234, 0.618587, 1.321519, -0.76793, 0.129425, -0.627322, 0.735503, 0.0, 0.0, 0.0, 1.0],
                [0.334722, -0.498734, -0.799515, -0.264531, -0.526434, -0.802678, 0.280312, 1.429129, -0.781555, 0.327065, -0.531225, 0.685125, 0.0, 0.0, 0.0, 1.0],
                [0.41027, 0.174628, -0.895088, -0.700931, -0.39451, -0.850921, -0.346837, 1.307831, -0.822216, 0.495419, -0.280215, 0.712767, 0.0, 0.0, 0.0, 1.0],
                [0.411755, 0.791946, -0.450865, -0.907349, -0.244647, -0.380527, -0.891822, 0.927297, -0.877841, 0.477515, 0.037063, 0.856101, 0.0, 0.0, 0.0, 1.0],
                [0.364676, 0.900258, 0.237793, -0.759038, -0.147097, 0.307873, -0.939987, 0.557076, -0.919442, 0.307813, 0.2447, 1.029572, 0.0, 0.0, 0.0, 1.0],
                [0.322803, 0.613618, 0.720604, -0.45998, -0.109106, 0.780413, -0.615672, 0.376108, -0.940156, 0.120119, 0.318869, 1.147845, 0.0, 0.0, 0.0, 1.0],
                [0.29573, 0.237726, 0.925219, -0.181532, -0.104516, 0.970778, -0.216025, 0.353125, -0.949536, -0.032814, 0.311935, 1.208249, 0.0, 0.0, 0.0, 1.0],
                [0.284802, -0.035314, 0.957936, -0.004377, -0.111038, 0.991379, 0.06956, 0.39274, -0.952133, -0.126178, 0.278426, 1.227508, 0.0, 0.0, 0.0, 1.0],
                [0.282684, -0.139654, 0.948992, 0.05918, -0.115496, 0.977191, 0.178207, 0.417677, -0.952235, -0.159981, 0.260107, 1.229551, 0.0, 0.0, 0.0, 1.0],
                [0.282545, -0.151688, 0.947185, 0.066227, -0.116334, 0.974712, 0.190798, 0.420939, -0.952173, -0.164099, 0.257754, 1.229841, 0.0, 0.0, 0.0, 1.0],
                [0.282428, -0.162209, 0.945475, 0.072381, -0.117083, 0.972403, 0.201803, 0.423875, -0.952116, -0.167694, 0.255642, 1.230088, 0.0, 0.0, 0.0, 1.0],
                [0.282331, -0.171325, 0.943895, 0.077709, -0.117748, 0.970295, 0.211337, 0.426488, -0.952063, -0.170808, 0.253771, 1.2303, 0.0, 0.0, 0.0, 1.0],
                [0.28225, -0.179141, 0.942467, 0.082274, -0.118329, 0.968408, 0.219509, 0.428783, -0.952015, -0.173478, 0.252135, 1.230481, 0.0, 0.0, 0.0, 1.0],
                [0.282182, -0.18576, 0.941205, 0.086138, -0.118833, 0.966751, 0.226429, 0.430769, -0.951972, -0.17574, 0.250726, 1.230635, 0.0, 0.0, 0.0, 1.0],
                [0.282127, -0.191283, 0.940115, 0.089363, -0.119261, 0.965328, 0.232203, 0.432463, -0.951935, -0.17763, 0.249532, 1.230766, 0.0, 0.0, 0.0, 1.0],
                [0.282082, -0.195808, 0.939196, 0.092004, -0.119618, 0.964134, 0.236934, 0.43388, -0.951904, -0.17918, 0.248543, 1.230874, 0.0, 0.0, 0.0, 1.0],
                [0.282047, -0.199434, 0.938443, 0.094121, -0.119908, 0.963158, 0.240724, 0.43504, -0.951877, -0.180423, 0.247742, 1.230961, 0.0, 0.0, 0.0, 1.0],
                [0.282021, -0.202256, 0.937847, 0.095767, -0.120134, 0.962388, 0.243674, 0.435965, -0.951857, -0.181389, 0.247116, 1.231028, 0.0, 0.0, 0.0, 1.0],
                [0.282003, -0.204369, 0.937394, 0.096997, -0.1203, 0.961805, 0.245882, 0.436678, -0.951841, -0.182108, 0.246646, 1.231075, 0.0, 0.0, 0.0, 1.0],
                [0.281992, -0.205869, 0.937069, 0.097867, -0.120411, 0.96139, 0.247447, 0.437204, -0.95183, -0.182612, 0.246315, 1.2311, 0.0, 0.0, 0.0, 1.0],
                [0.281988, -0.206847, 0.936855, 0.098428, -0.12047, 0.96112, 0.248466, 0.437569, -0.951824, -0.182928, 0.246106, 1.231104, 0.0, 0.0, 0.0, 1.0],
                [0.281992, -0.207398, 0.936732, 0.098733, -0.120481, 0.960972, 0.249034, 0.437797, -0.951821, -0.183084, 0.245999, 1.231084, 0.0, 0.0, 0.0, 1.0],
                [0.282002, -0.207613, 0.936681, 0.098835, -0.120449, 0.96092, 0.249248, 0.437917, -0.951822, -0.183111, 0.245975, 1.231041, 0.0, 0.0, 0.0, 1.0],
                [0.282019, -0.207586, 0.936682, 0.098786, -0.120378, 0.96094, 0.249206, 0.437954, -0.951826, -0.183037, 0.246015, 1.230972, 0.0, 0.0, 0.0, 1.0],
                [0.282043, -0.207408, 0.936714, 0.098639, -0.120271, 0.961007, 0.249001, 0.437936, -0.951833, -0.182888, 0.2461, 1.230877, 0.0, 0.0, 0.0, 1.0],
                [0.281909, -0.205539, 0.937166, 0.097214, -0.119365, 0.961681, 0.246822, 0.437592, -0.951987, -0.181446, 0.246572, 1.2302, 0.0, 0.0, 0.0, 1.0],
                [0.281469, -0.200395, 0.938412, 0.093305, -0.116902, 0.963505, 0.240818, 0.436658, -0.952422, -0.177486, 0.24777, 1.228391, 0.0, 0.0, 0.0, 1.0],
                [0.280768, -0.191992, 0.940377, 0.086915, -0.112889, 0.966381, 0.231006, 0.435194, -0.953113, -0.171017, 0.249655, 1.225445, 0.0, 0.0, 0.0, 1.0],
                [0.279875, -0.180336, 0.942947, 0.078025, -0.107324, 0.970165, 0.217396, 0.433294, -0.954018, -0.162045, 0.25217, 1.221348, 0.0, 0.0, 0.0, 1.0],
                [0.278884, -0.165421, 0.94597, 0.066607, -0.100204, 0.974663, 0.19998, 0.431085, -0.955083, -0.150562, 0.255242, 1.216074, 0.0, 0.0, 0.0, 1.0],
                [0.277912, -0.14724, 0.949255, 0.052619, -0.091524, 0.979629, 0.178746, 0.428728, -0.956236, -0.136556, 0.258775, 1.209593, 0.0, 0.0, 0.0, 1.0],
                [0.277103, -0.125782, 0.952571, 0.036012, -0.08128, 0.984772, 0.153679, 0.426416, -0.957396, -0.12001, 0.26266, 1.201867, 0.0, 0.0, 0.0, 1.0],
                [0.276621, -0.101048, 0.955651, 0.016734, -0.069477, 0.989751, 0.124764, 0.424382, -0.958464, -0.100909, 0.266766, 1.192853, 0.0, 0.0, 0.0, 1.0],
                [0.276656, -0.073049, 0.958188, -0.005264, -0.056132, 0.994176, 0.091999, 0.422892, -0.959328, -0.079237, 0.270945, 1.182509, 0.0, 0.0, 0.0, 1.0],
                [0.277418, -0.041819, 0.959839, -0.030022, -0.041278, 0.997611, 0.055395, 0.422248, -0.959862, -0.054988, 0.275029, 1.170792, 0.0, 0.0, 0.0, 1.0],
                [0.279136, -0.007422, 0.960223, -0.057571, -0.024974, 0.999576, 0.014986, 0.42279, -0.959926, -0.028163, 0.278833, 1.157663, 0.0, 0.0, 0.0, 1.0],
                [0.282059, 0.030037, 0.958927, -0.087913, -0.007309, 0.999548, -0.029159, 0.424894, -0.959369, 0.001216, 0.282151, 1.143092, 0.0, 0.0, 0.0, 1.0],
                [0.286448, 0.070402, 0.955506, -0.121027, 0.01159, 0.996969, -0.076932, 0.428971, -0.958025, 0.033112, 0.284763, 1.127059, 0.0, 0.0, 0.0, 1.0],
                [0.292571, 0.11346, 0.949489, -0.156852, 0.031552, 0.99125, -0.128173, 0.435461, -0.955723, 0.067458, 0.286432, 1.109558, 0.0, 0.0, 0.0, 1.0],
                [0.300702, 0.158924, 0.940384, -0.195281, 0.052351, 0.981781, -0.18266, 0.444833, -0.95228, 0.104156, 0.286904, 1.090605, 0.0, 0.0, 0.0, 1.0],
                [0.311106, 0.206428, 0.927685, -0.236155, 0.073706, 0.967945, -0.240105, 0.457579, -0.947512, 0.143074, 0.285919, 1.070236, 0.0, 0.0, 0.0, 1.0],
                [0.324033, 0.255518, 0.910886, -0.27925, 0.095269, 0.949127, -0.300135, 0.474199, -0.941236, 0.184033, 0.283205, 1.048518, 0.0, 0.0, 0.0, 1.0],
                [0.339704, 0.30564, 0.889486, -0.324274, 0.116627, 0.924738, -0.362295, 0.4952, -0.933273, 0.226811, 0.278492, 1.02555, 0.0, 0.0, 0.0, 1.0],
                [0.358302, 0.356144, 0.863007, -0.370858, 0.137292, 0.894231, -0.42603, 0.521075, -0.923455, 0.271132, 0.271509, 1.001465, 0.0, 0.0, 0.0, 1.0],
                [0.379952, 0.406274, 0.83101, -0.418553, 0.15671, 0.857125, -0.490692, 0.552293, -0.911634, 0.316667, 0.262, 0.976437, 0.0, 0.0, 0.0, 1.0],
                [0.404689, 0.455139, 0.793142, -0.466791, 0.174247, 0.813068, -0.55548, 0.589248, -0.897699, 0.363, 0.249733, 0.950701, 0.0, 0.0, 0.0, 1.0],
                [0.432369, 0.501641, 0.749275, -0.514792, 0.189184, 0.761998, -0.619328, 0.632128, -0.881627, 0.409529, 0.234562, 0.924609, 0.0, 0.0, 0.0, 1.0],
                [0.462698, 0.54465, 0.699476, -0.561706, 0.200807, 0.704118, -0.681098, 0.680932, -0.863473, 0.455602, 0.216425, 0.898557, 0.0, 0.0, 0.0, 1.0],
                [0.495255, 0.583093, 0.643992, -0.606687, 0.208461, 0.639867, -0.739672, 0.735491, -0.843366, 0.500573, 0.195345, 0.872956, 0.0, 0.0, 0.0, 1.0],
                [0.529496, 0.615996, 0.583252, -0.648921, 0.211581, 0.569917, -0.793995, 0.795453, -0.821503, 0.543822, 0.171435, 0.848215, 0.0, 0.0, 0.0, 1.0],
                [0.564779, 0.642537, 0.517852, -0.687662, 0.209729, 0.495156, -0.84311, 0.860296, -0.798147, 0.584779, 0.144895, 0.824727, 0.0, 0.0, 0.0, 1.0],
                [0.600388, 0.662076, 0.448542, -0.72226, 0.202614, 0.416647, -0.886201, 0.929342, -0.773616, 0.622945, 0.116004, 0.802849, 0.0, 0.0, 0.0, 1.0],
                [0.635567, 0.674192, 0.376191, -0.752195, 0.190118, 0.335586, -0.922625, 1.001779, -0.748271, 0.657911, 0.085112, 0.782894, 0.0, 0.0, 0.0, 1.0],
                [0.669558, 0.6787, 0.301757, -0.777095, 0.172305, 0.253254, -0.951931, 1.076695, -0.722497, 0.689368, 0.052625, 0.765112, 0.0, 0.0, 0.0, 1.0],
                [0.701638, 0.675659, 0.226249, -0.796749, 0.149417, 0.17095, -0.973884, 1.153114, -0.696691, 0.717119, 0.018991, 0.749686, 0.0, 0.0, 0.0, 1.0],
                [0.731153, 0.665363, 0.150685, -0.811111, 0.121864, 0.089943, -0.988463, 1.230035, -0.67124, 0.741081, -0.015322, 0.736721, 0.0, 0.0, 0.0, 1.0],
                [0.757556, 0.648324, 0.076052, -0.820299, 0.090208, 0.011413, -0.995858, 1.30647, -0.646507, 0.761279, -0.049838, 0.726249, 0.0, 0.0, 0.0, 1.0],
                [0.780425, 0.625241, 0.003274, -0.824581, 0.055128, -0.063593, -0.996452, 1.381483, -0.622815, 0.777836, -0.084098, 0.718226, 0.0, 0.0, 0.0, 1.0],
                [0.799482, 0.596962, -0.066818, -0.82435, 0.017393, -0.134194, -0.990802, 1.454217, -0.600438, 0.790966, -0.117668, 0.712543, 0.0, 0.0, 0.0, 1.0],
                [0.814602, 0.564445, -0.13351, -0.820111, -0.02218, -0.199699, -0.979606, 1.523916, -0.579596, 0.80095, -0.150156, 0.709029, 0.0, 0.0, 0.0, 1.0],
                [0.825811, 0.528711, -0.196215, -0.812442, -0.062754, -0.259619, -0.96367, 1.589946, -0.560444, 0.808123, -0.181217, 0.707468, 0.0, 0.0, 0.0, 1.0],
                [0.833275, 0.490806, -0.254483, -0.801975, -0.103511, -0.313661, -0.943876, 1.651794, -0.543082, 0.81285, -0.210562, 0.707608, 0.0, 0.0, 0.0, 1.0],
                [0.837287, 0.451764, -0.307993, -0.789364, -0.143672, -0.361721, -0.921149, 1.709074, -0.52755, 0.815516, -0.237959, 0.70917, 0.0, 0.0, 0.0, 1.0],
                [0.838244, 0.412576, -0.356551, -0.775266, -0.182524, -0.403859, -0.896428, 1.761515, -0.51384, 0.816504, -0.263227, 0.711864, 0.0, 0.0, 0.0, 1.0],
                [0.836626, 0.374167, -0.40007, -0.760318, -0.21943, -0.440272, -0.870638, 1.808952, -0.501903, 0.816186, -0.28624, 0.7154, 0.0, 0.0, 0.0, 1.0],
                [0.832971, 0.337384, -0.438556, -0.745123, -0.253836, -0.471269, -0.844673, 1.851304, -0.491657, 0.814909, -0.306913, 0.71949, 0.0, 0.0, 0.0, 1.0],
                [0.827849, 0.302986, -0.472086, -0.730238, -0.285273, -0.49723, -0.819378, 1.888561, -0.482996, 0.812995, -0.325198, 0.72386, 0.0, 0.0, 0.0, 1.0],
                [0.821842, 0.271643, -0.500784, -0.71617, -0.313349, -0.518585, -0.795539, 1.920756, -0.475802, 0.810728, -0.341076, 0.728256, 0.0, 0.0, 0.0, 1.0],
                [0.815522, 0.243942, -0.524802, -0.703372, -0.33774, -0.535769, -0.773875, 1.94795, -0.469953, 0.808359, -0.354543, 0.732443, 0.0, 0.0, 0.0, 1.0],
                [0.809428, 0.220393, -0.544292, -0.692244, -0.358178, -0.549206, -0.755037, 1.970209, -0.465333, 0.806101, -0.365603, 0.73621, 0.0, 0.0, 0.0, 1.0],
                [0.804055, 0.201443, -0.559389, -0.683132, -0.374433, -0.559272, -0.739604, 1.987581, -0.461839, 0.804136, -0.374259, 0.739375, 0.0, 0.0, 0.0, 1.0],
                [0.799835, 0.187488, -0.570185, -0.676336, -0.386297, -0.566274, -0.728085, 2.000082, -0.459388, 0.802609, -0.3805, 0.741779, 0.0, 0.0, 0.0, 1.0],
                [0.797123, 0.17888, -0.576712, -0.672109, -0.39357, -0.570423, -0.720916, 2.007672, -0.457928, 0.801635, -0.384295, 0.743292, 0.0, 0.0, 0.0, 1.0],
                [0.796178, 0.175944, -0.578916, -0.670661, -0.396044, -0.571809, -0.718459, 2.010241, -0.457438, 0.801298, -0.385581, 0.743813, 0.0, 0.0, 0.0, 1.0],
                [0.796178, 0.175944, -0.578916, -0.670661, -0.396044, -0.571809, -0.718459, 2.010241, -0.457438, 0.801298, -0.38558, 0.743813, 0.0, 0.0, 0.0, 1.0],
                [0.796178, 0.175944, -0.578916, -0.670661, -0.396044, -0.571809, -0.718459, 2.010241, -0.457438, 0.801298, -0.38558, 0.743813, 0.0, 0.0, 0.0, 1.0]
            ]
        },
        {
            "name": "Tool_s_R",
            "time": [0.0, 0.0167, 0.0333, 0.05, 0.0667, 0.0833, 0.1, 0.1167, 0.1333, 0.15, 0.1667, 0.1833, 0.2, 0.2167, 0.2333, 0.25, 0.2667, 0.2833, 0.3, 0.3167, 0.3333, 0.35, 0.3667, 0.3833, 0.4, 0.4167, 0.4333, 0.45, 0.4667, 0.4833, 0.5, 0.5167, 0.5333, 0.55, 0.5667, 0.5833, 0.6, 0.6167, 0.6333, 0.65, 0.6667, 0.6833, 0.7, 0.7167, 0.7333, 0.75, 0.7667, 0.7833, 0.8, 0.8167, 0.8333, 0.85, 0.8667, 0.8833, 0.9, 0.9167, 0.9333, 0.95, 0.9667, 0.9833, 1.0, 1.0167, 1.0333, 1.05, 1.0667, 1.0833, 1.1, 1.1167, 1.1333, 1.15, 1.1667, 1.1833, 1.2, 1.2167, 1.2333, 1.25, 1.2667, 1.2833, 1.3, 1.3167, 1.3333, 1.35, 1.3667, 1.3833, 1.4, 1.4167, 1.4333, 1.45, 1.4667, 1.4833, 1.5, 1.5167, 1.5333, 1.55, 1.5667, 1.5833, 1.6],
            "transform": [
                [0.821166, -0.53702, -0.193119, 0.638432, 0.544597, 0.838544, -0.016107, -0.005331, 0.170589, -0.091946, 0.981043, 0.884375, 0.0, 0.0, 0.0, 1.0],
                [0.834046, -0.504546, -0.22316, 0.628672, 0.503482, 0.861481, -0.066006, -0.025993, 0.225551, -0.057305, 0.972545, 0.888546, 0.0, 0.0, 0.0, 1.0],
                [0.851042, -0.419787, -0.315447, 0.599654, 0.373946, 0.906254, -0.197149, -0.078157, 0.368636, 0.049822, 0.928238, 0.895186, 0.0, 0.0, 0.0, 1.0],
                [0.823029, -0.316644, -0.47155, 0.55338, 0.143444, 0.919156, -0.366847, -0.141624, 0.549588, 0.234285, 0.801913, 0.893909, 0.0, 0.0, 0.0, 1.0],
                [0.702127, -0.256793, -0.664135, 0.500017, -0.171844, 0.844027, -0.508024, -0.192701, 0.691005, 0.470825, 0.548486, 0.881416, 0.0, 0.0, 0.0, 1.0],
                [0.485792, -0.307429, -0.818226, 0.456179, -0.504635, 0.665691, -0.549726, -0.215891, 0.713688, 0.679958, 0.168248, 0.870312, 0.0, 0.0, 0.0, 1.0],
                [0.239845, -0.479952, -0.843872, 0.430015, -0.767124, 0.439032, -0.467731, -0.215015, 0.594975, 0.759537, -0.262883, 0.883255, 0.0, 0.0, 0.0, 1.0],
                [0.050624, -0.700731, -0.711627, 0.411134, -0.916715, 0.250156, -0.311539, -0.206798, 0.396323, 0.668131, -0.629706, 0.93109, 0.0, 0.0, 0.0, 1.0],
                [-0.048181, -0.874475, -0.482672, 0.384277, -0.97652, 0.142823, -0.161281, -0.202368, 0.209973, 0.463568, -0.860823, 1.000628, 0.0, 0.0, 0.0, 1.0],
                [-0.082037, -0.963355, -0.255376, 0.348846, -0.992611, 0.101966, -0.065777, -0.201235, 0.089406, 0.248093, -0.964602, 1.067592, 0.0, 0.0, 0.0, 1.0],
                [-0.089699, -0.990469, -0.104528, 0.319596, -0.995171, 0.093334, -0.030413, -0.19945, 0.039879, 0.101295, -0.994057, 1.11391, 0.0, 0.0, 0.0, 1.0],
                [-0.090818, -0.995679, -0.019387, 0.3004, -0.995517, 0.091286, -0.024764, -0.197389, 0.026427, 0.017051, -0.999505, 1.14262, 0.0, 0.0, 0.0, 1.0],
                [-0.08915, -0.995019, 0.044606, 0.283312, -0.99581, 0.088126, -0.024424, -0.196259, 0.020371, -0.046596, -0.998706, 1.164703, 0.0, 0.0, 0.0, 1.0],
                [-0.087148, -0.991904, 0.092366, 0.269065, -0.995998, 0.084908, -0.027913, -0.195181, 0.019845, -0.094429, -0.995334, 1.181956, 0.0, 0.0, 0.0, 1.0],
                [-0.086676, -0.987869, 0.128853, 0.257773, -0.995956, 0.082855, -0.034731, -0.193207, 0.023633, -0.131342, -0.991056, 1.1962, 0.0, 0.0, 0.0, 1.0],
                [-0.089335, -0.983252, 0.15885, 0.249152, -0.995517, 0.083176, -0.045024, -0.189279, 0.031058, -0.16216, -0.986275, 1.209221, 0.0, 0.0, 0.0, 1.0],
                [-0.096612, -0.977608, 0.186946, 0.242655, -0.994444, 0.086921, -0.059377, -0.182211, 0.041798, -0.191644, -0.980574, 1.222774, 0.0, 0.0, 0.0, 1.0],
                [-0.109893, -0.969839, 0.217568, 0.237524, -0.992382, 0.094792, -0.078698, -0.170638, 0.055701, -0.224559, -0.972867, 1.238626, 0.0, 0.0, 0.0, 1.0],
                [-0.130388, -0.958114, 0.254986, 0.232764, -0.988803, 0.106836, -0.104187, -0.152945, 0.072581, -0.265715, -0.961315, 1.258583, 0.0, 0.0, 0.0, 1.0],
                [-0.158953, -0.939576, 0.303201, 0.227053, -0.982987, 0.121983, -0.137322, -0.127126, 0.092039, -0.319871, -0.94298, 1.284502, 0.0, 0.0, 0.0, 1.0],
                [-0.195808, -0.909928, 0.365637, 0.218593, -0.974071, 0.137377, -0.179761, -0.090569, 0.11334, -0.391355, -0.913234, 1.318221, 0.0, 0.0, 0.0, 1.0],
                [-0.118847, -0.917328, 0.37998, 0.325384, -0.981558, 0.050833, -0.184284, 0.017319, 0.149733, -0.394874, -0.906451, 1.347918, 0.0, 0.0, 0.0, 1.0],
                [0.200166, -0.933963, 0.296054, 0.614522, -0.958306, -0.249522, -0.139246, 0.337227, 0.203923, -0.255838, -0.944967, 1.324319, 0.0, 0.0, 0.0, 1.0],
                [0.712056, -0.688145, 0.139404, 0.815165, -0.670238, -0.725341, -0.157042, 1.010069, 0.209183, 0.018388, -0.977704, 1.15332, 0.0, 0.0, 0.0, 1.0],
                [0.996197, 0.072014, 0.049047, 0.458304, 0.083524, -0.949559, -0.302262, 1.748802, 0.024806, 0.305209, -0.951963, 0.848566, 0.0, 0.0, 0.0, 1.0],
                [0.526438, 0.837919, 0.14407, -0.252994, 0.785972, -0.415005, -0.458279, 1.887728, -0.324211, 0.35449, -0.877054, 0.64342, 0.0, 0.0, 0.0, 1.0],
                [-0.239284, 0.90704, 0.346441, -0.652832, 0.773312, 0.393797, -0.496903, 1.558708, -0.587138, 0.149006, -0.795654, 0.606051, 0.0, 0.0, 0.0, 1.0],
                [-0.672875, 0.529694, 0.516396, -0.715495, 0.334466, 0.840476, -0.426302, 1.240158, -0.659828, -0.114131, -0.742699, 0.633232, 0.0, 0.0, 0.0, 1.0],
                [-0.774623, 0.172187, 0.608532, -0.660384, -0.059351, 0.938183, -0.341014, 1.072915, -0.629633, -0.300274, -0.716519, 0.659613, 0.0, 0.0, 0.0, 1.0],
                [-0.767936, 0.029355, 0.639854, -0.625147, -0.21658, 0.928212, -0.302518, 1.022866, -0.6028, -0.370894, -0.706449, 0.667766, 0.0, 0.0, 0.0, 1.0],
                [-0.76369, 0.014131, 0.645428, -0.620367, -0.234368, 0.925485, -0.297574, 1.017781, -0.601539, -0.378522, -0.703472, 0.667963, 0.0, 0.0, 0.0, 1.0],
                [-0.759908, 0.000844, 0.650031, -0.616215, -0.249786, 0.922842, -0.293206, 1.013436, -0.600123, -0.385178, -0.701064, 0.668213, 0.0, 0.0, 0.0, 1.0],
                [-0.756606, -0.010653, 0.653785, -0.612646, -0.263032, 0.92036, -0.289401, 1.009746, -0.598634, -0.390929, -0.699151, 0.668495, 0.0, 0.0, 0.0, 1.0],
                [-0.753781, -0.020504, 0.656805, -0.609616, -0.274296, 0.91809, -0.286134, 1.00664, -0.59714, -0.395842, -0.697663, 0.668791, 0.0, 0.0, 0.0, 1.0],
                [-0.751415, -0.028842, 0.659199, -0.607079, -0.283759, 0.916068, -0.283374, 1.004052, -0.595698, -0.399986, -0.696531, 0.669087, 0.0, 0.0, 0.0, 1.0],
                [-0.749473, -0.035799, 0.661067, -0.604987, -0.291599, 0.914311, -0.281081, 1.001926, -0.594358, -0.403429, -0.69569, 0.669368, 0.0, 0.0, 0.0, 1.0],
                [-0.747907, -0.041502, 0.662505, -0.60329, -0.297982, 0.912824, -0.279211, 1.000211, -0.593163, -0.406239, -0.695074, 0.669624, 0.0, 0.0, 0.0, 1.0],
                [-0.746661, -0.046069, 0.663607, -0.60194, -0.303073, 0.911603, -0.277719, 0.99886, -0.592152, -0.408483, -0.69462, 0.669842, 0.0, 0.0, 0.0, 1.0],
                [-0.745671, -0.049621, 0.664465, -0.600886, -0.307032, 0.910633, -0.27655, 0.997831, -0.59136, -0.410228, -0.694267, 0.670011, 0.0, 0.0, 0.0, 1.0],
                [-0.744866, -0.052274, 0.665164, -0.600077, -0.310015, 0.909893, -0.275655, 0.997084, -0.590818, -0.411537, -0.693954, 0.67012, 0.0, 0.0, 0.0, 1.0],
                [-0.744171, -0.054141, 0.665792, -0.599463, -0.312176, 0.909359, -0.274979, 0.996581, -0.590556, -0.412476, -0.69362, 0.67016, 0.0, 0.0, 0.0, 1.0],
                [-0.743507, -0.055335, 0.666435, -0.598991, -0.313667, 0.909, -0.274467, 0.996289, -0.590602, -0.413107, -0.693204, 0.670119, 0.0, 0.0, 0.0, 1.0],
                [-0.742793, -0.055967, 0.667178, -0.598609, -0.314639, 0.908785, -0.274065, 0.99617, -0.590983, -0.413494, -0.692649, 0.669986, 0.0, 0.0, 0.0, 1.0],
                [-0.741947, -0.056149, 0.668104, -0.598266, -0.315243, 0.908681, -0.273717, 0.996192, -0.591724, -0.413699, -0.691893, 0.669752, 0.0, 0.0, 0.0, 1.0],
                [-0.740883, -0.055993, 0.669297, -0.597907, -0.315628, 0.908652, -0.273369, 0.996321, -0.592851, -0.413783, -0.690877, 0.669406, 0.0, 0.0, 0.0, 1.0],
                [-0.739517, -0.05561, 0.670837, -0.597481, -0.315943, 0.908664, -0.272965, 0.996524, -0.594386, -0.413809, -0.689542, 0.66894, 0.0, 0.0, 0.0, 1.0],
                [-0.738754, -0.052415, 0.671934, -0.597538, -0.313176, 0.909499, -0.273374, 0.998223, -0.596794, -0.412389, -0.688311, 0.667933, 0.0, 0.0, 0.0, 1.0],
                [-0.739487, -0.043786, 0.671746, -0.598635, -0.304244, 0.911891, -0.275485, 1.002855, -0.600496, -0.408092, -0.687652, 0.665978, 0.0, 0.0, 0.0, 1.0],
                [-0.741526, -0.029762, 0.670264, -0.600707, -0.289159, 0.915647, -0.279244, 1.010436, -0.605415, -0.40088, -0.687582, 0.663089, 0.0, 0.0, 0.0, 1.0],
                [-0.744575, -0.010359, 0.667459, -0.60366, -0.267893, 0.920467, -0.284558, 1.021018, -0.611426, -0.390683, -0.688132, 0.65928, 0.0, 0.0, 0.0, 1.0],
                [-0.748225, 0.014415, 0.663289, -0.607369, -0.240388, 0.925939, -0.291293, 1.034682, -0.618364, -0.377399, -0.689345, 0.654572, 0.0, 0.0, 0.0, 1.0],
                [-0.751958, 0.04455, 0.657705, -0.611674, -0.206569, 0.93154, -0.29927, 1.05154, -0.626011, -0.3609, -0.691275, 0.648988, 0.0, 0.0, 0.0, 1.0],
                [-0.755142, 0.080017, 0.65066, -0.616377, -0.166372, 0.936637, -0.308274, 1.071723, -0.634099, -0.341042, -0.693981, 0.642562, 0.0, 0.0, 0.0, 1.0],
                [-0.757037, 0.120746, 0.642118, -0.621235, -0.119758, 0.940483, -0.318042, 1.095382, -0.642303, -0.317668, -0.69752, 0.635339, 0.0, 0.0, 0.0, 1.0],
                [-0.756791, 0.166603, 0.632069, -0.625955, -0.066748, 0.942222, -0.328273, 1.122675, -0.65024, -0.290624, -0.701944, 0.627379, 0.0, 0.0, 0.0, 1.0],
                [-0.75345, 0.217367, 0.620537, -0.630187, -0.007453, 0.94089, -0.338632, 1.153762, -0.657464, -0.259767, -0.707293, 0.618763, 0.0, 0.0, 0.0, 1.0],
                [-0.745965, 0.272696, 0.607597, -0.633522, 0.057893, 0.935426, -0.348751, 1.18879, -0.663465, -0.22498, -0.713582, 0.609593, 0.0, 0.0, 0.0, 1.0],
                [-0.733213, 0.332095, 0.59339, -0.635483, 0.12889, 0.924687, -0.358247, 1.22788, -0.667672, -0.18619, -0.720796, 0.600001, 0.0, 0.0, 0.0, 1.0],
                [-0.714023, 0.394888, 0.578131, -0.635522, 0.204933, 0.907472, -0.366738, 1.271108, -0.669458, -0.143381, -0.728881, 0.59015, 0.0, 0.0, 0.0, 1.0],
                [-0.687209, 0.460179, 0.562121, -0.633024, 0.285177, 0.882554, -0.373863, 1.318484, -0.668146, -0.096618, -0.737731, 0.580238, 0.0, 0.0, 0.0, 1.0],
                [-0.65162, 0.526825, 0.545754, -0.627305, 0.368494, 0.848725, -0.379313, 1.36993, -0.663026, -0.046061, -0.747178, 0.570502, 0.0, 0.0, 0.0, 1.0],
                [-0.606202, 0.593414, 0.529508, -0.617626, 0.453451, 0.804858, -0.382867, 1.425249, -0.653378, 0.008011, -0.75699, 0.561217, 0.0, 0.0, 0.0, 1.0],
                [-0.550066, 0.658248, 0.513942, -0.603203, 0.538288, 0.749973, -0.38443, 1.484101, -0.638493, 0.065186, -0.766862, 0.552699, 0.0, 0.0, 0.0, 1.0],
                [-0.482576, 0.719347, 0.499661, -0.583236, 0.620924, 0.68333, -0.384076, 1.545967, -0.617717, 0.124906, -0.776417, 0.545292, 0.0, 0.0, 0.0, 1.0],
                [-0.403432, 0.774466, 0.487284, -0.556935, 0.69898, 0.604514, -0.382086, 1.610127, -0.590483, 0.186456, -0.785216, 0.539371, 0.0, 0.0, 0.0, 1.0],
                [-0.312767, 0.821146, 0.477384, -0.52357, 0.76983, 0.513549, -0.378984, 1.675633, -0.556362, 0.248971, -0.792764, 0.535321, 0.0, 0.0, 0.0, 1.0],
                [-0.211306, 0.856767, 0.470425, -0.482554, 0.830648, 0.411072, -0.375558, 1.741248, -0.515145, 0.3114, -0.798534, 0.533526, 0.0, 0.0, 0.0, 1.0],
                [-0.100701, 0.878681, 0.466668, -0.43364, 0.878495, 0.298704, -0.372858, 1.805318, -0.467019, 0.372419, -0.801996, 0.534329, 0.0, 0.0, 0.0, 1.0],
                [0.016668, 0.884606, 0.466042, -0.376953, 0.910785, 0.178884, -0.372118, 1.866011, -0.412545, 0.430666, -0.802703, 0.537977, 0.0, 0.0, 0.0, 1.0],
                [0.137873, 0.872867, 0.468075, -0.313011, 0.925553, 0.054708, -0.374645, 1.921455, -0.352623, 0.484882, -0.800342, 0.54459, 0.0, 0.0, 0.0, 1.0],
                [0.259616, 0.84257, 0.471886, -0.242737, 0.92163, -0.070223, -0.381664, 1.969855, -0.288441, 0.53399, -0.794768, 0.554143, 0.0, 0.0, 0.0, 1.0],
                [0.378452, 0.793719, 0.476218, -0.167445, 0.898749, -0.192032, -0.394176, 2.009611, -0.221416, 0.577177, -0.786029, 0.566451, 0.0, 0.0, 0.0, 1.0],
                [0.49104, 0.727272, 0.479536, -0.088784, 0.85758, -0.306829, -0.412811, 2.039429, -0.153091, 0.613947, -0.774359, 0.581181, 0.0, 0.0, 0.0, 1.0],
                [0.594386, 0.645099, 0.480159, -0.008652, 0.799672, -0.410996, -0.43773, 2.058431, -0.085035, 0.64415, -0.760157, 0.597863, 0.0, 0.0, 0.0, 1.0],
                [0.686046, 0.549866, 0.476432, 0.070921, 0.727316, -0.501452, -0.468569, 2.066216, -0.018743, 0.667977, -0.743946, 0.615929, 0.0, 0.0, 0.0, 1.0],
                [0.764282, 0.444843, 0.466892, 0.147904, 0.643348, -0.575868, -0.50446, 2.062895, 0.044463, 0.685924, -0.726314, 0.634745, 0.0, 0.0, 0.0, 1.0],
                [0.828125, 0.333656, 0.450426, 0.220397, 0.550907, -0.632814, -0.544102, 2.049076, 0.103493, 0.698728, -0.707863, 0.653665, 0.0, 0.0, 0.0, 1.0],
                [0.877376, 0.220026, 0.426381, 0.286751, 0.453205, -0.671813, -0.585895, 2.025809, 0.157536, 0.707288, -0.689149, 0.672073, 0.0, 0.0, 0.0, 1.0],
                [0.912531, 0.10751, 0.394624, 0.345662, 0.353301, -0.69331, -0.628093, 1.9945, 0.206071, 0.712575, -0.67065, 0.689425, 0.0, 0.0, 0.0, 1.0],
                [0.93466, -0.000721, 0.355542, 0.396232, 0.253938, -0.69856, -0.668976, 1.956798, 0.24885, 0.715551, -0.652733, 0.705278, 0.0, 0.0, 0.0, 1.0],
                [0.945249, -0.102045, 0.309987, 0.437996, 0.157425, -0.689466, -0.707003, 1.914474, 0.285872, 0.717094, -0.635652, 0.719312, 0.0, 0.0, 0.0, 1.0],
                [0.946043, -0.194488, 0.259186, 0.47091, 0.065586, -0.668377, -0.740926, 1.869309, 0.317335, 0.717947, -0.619557, 0.731334, 0.0, 0.0, 0.0, 1.0],
                [0.938903, -0.276755, 0.204618, 0.495311, -0.020245, -0.637881, -0.769869, 1.822985, 0.343587, 0.718689, -0.604511, 0.741277, 0.0, 0.0, 0.0, 1.0],
                [0.925678, -0.348207, 0.147895, 0.511858, -0.09918, -0.600624, -0.793356, 1.777017, 0.365082, 0.719724, -0.590519, 0.749185, 0.0, 0.0, 0.0, 1.0],
                [0.908117, -0.408787, 0.090646, 0.521459, -0.170716, -0.559145, -0.811303, 1.732688, 0.382334, 0.721284, -0.577556, 0.755189, 0.0, 0.0, 0.0, 1.0],
                [0.887812, -0.458917, 0.034422, 0.525191, -0.234655, -0.515763, -0.823969, 1.691036, 0.395887, 0.723453, -0.565588, 0.759494, 0.0, 0.0, 0.0, 1.0],
                [0.866165, -0.499383, -0.019367, 0.524229, -0.29102, -0.472503, -0.831894, 1.652841, 0.406283, 0.726194, -0.554596, 0.762345, 0.0, 0.0, 0.0, 1.0],
                [0.844379, -0.531219, -0.069498, 0.51978, -0.339984, -0.431061, -0.835822, 1.618647, 0.414046, 0.729379, -0.544585, 0.764015, 0.0, 0.0, 0.0, 1.0],
                [0.823473, -0.555591, -0.114939, 0.513026, -0.381799, -0.392808, -0.836619, 1.588797, 0.419669, 0.732817, -0.535591, 0.764777, 0.0, 0.0, 0.0, 1.0],
                [0.804293, -0.573702, -0.154852, 0.505083, -0.416748, -0.358816, -0.835208, 1.563469, 0.423597, 0.736286, -0.527682, 0.764897, 0.0, 0.0, 0.0, 1.0],
                [0.787541, -0.586707, -0.188559, 0.496968, -0.445095, -0.329902, -0.832499, 1.542728, 0.426228, 0.739554, -0.520951, 0.764618, 0.0, 0.0, 0.0, 1.0],
                [0.773795, -0.595648, -0.215512, 0.489575, -0.467058, -0.306682, -0.829339, 1.526571, 0.427901, 0.742395, -0.515511, 0.764154, 0.0, 0.0, 0.0, 1.0],
                [0.763533, -0.601393, -0.235255, 0.483657, -0.482774, -0.289634, -0.826463, 1.514982, 0.428891, 0.744607, -0.511482, 0.763681, 0.0, 0.0, 0.0, 1.0],
                [0.757148, -0.60459, -0.247385, 0.479813, -0.492282, -0.279149, -0.82446, 1.507964, 0.429403, 0.746021, -0.508985, 0.763336, 0.0, 0.0, 0.0, 1.0],
                [0.75496, -0.605621, -0.251515, 0.478468, -0.495493, -0.275578, -0.823737, 1.505594, 0.429561, 0.746512, -0.508131, 0.76321, 0.0, 0.0, 0.0, 1.0],
                [0.75496, -0.605621, -0.251515, 0.478468, -0.495493, -0.275578, -0.823737, 1.505594, 0.429561, 0.746512, -0.508131, 0.76321, 0.0, 0.0, 0.0, 1.0],
                [0.75496, -0.605621, -0.251515, 0.478468, -0.495493, -0.275578, -0.823737, 1.505594, 0.429561, 0.746512, -0.508131, 0.76321, 0.0, 0.0, 0.0, 1.0]
            ]
        },
        {
            "name": "Leg_ik_L",
            "time": [0.0, 0.0167, 0.0333, 0.05, 0.0667, 0.0833, 0.1, 0.1167, 0.1333, 0.15, 0.1667, 0.1833, 0.2, 0.2167, 0.2333, 0.25, 0.2667, 0.2833, 0.3, 0.3167, 0.3333, 0.35, 0.3667, 0.3833, 0.4, 0.4167, 0.4333, 0.45, 0.4667, 0.4833, 0.5, 0.5167, 0.5333, 0.55, 0.5667, 0.5833, 0.6, 0.6167, 0.6333, 0.65, 0.6667, 0.6833, 0.7, 0.7167, 0.7333, 0.75, 0.7667, 0.7833, 0.8, 0.8167, 0.8333, 0.85, 0.8667, 0.8833, 0.9, 0.9167, 0.9333, 0.95, 0.9667, 0.9833, 1.0, 1.0167, 1.0333, 1.05, 1.0667, 1.0833, 1.1, 1.1167, 1.1333, 1.15, 1.1667, 1.1833, 1.2, 1.2167, 1.2333, 1.25, 1.2667, 1.2833, 1.3, 1.3167, 1.3333, 1.35, 1.3667, 1.3833, 1.4, 1.4167, 1.4333, 1.45, 1.4667, 1.4833, 1.5, 1.5167, 1.5333, 1.55, 1.5667, 1.5833, 1.6],
            "transform": [
                [1.0, 0.0, 1e-06, -0.206001, 0.0, 1.0, 0.0, 0.321991, -1e-06, 0.0, 1.0, -0.044354, 0.0, 0.0, 0.0, 1.0],
                [1.0, 0.0, 1e-06, -0.206001, 0.0, 1.0, 0.0, 0.323724, -1e-06, 0.0, 1.0, -0.042925, 0.0, 0.0, 0.0, 1.0],
                [1.0, 0.0, 1e-06, -0.206001, 0.0, 1.0, 0.0, 0.328462, -1e-06, 0.0, 1.0, -0.039019, 0.0, 0.0, 0.0, 1.0],
                [1.0, 0.0, 1e-06, -0.206001, 0.0, 1.0, 0.0, 0.335514, -1e-06, 0.0, 1.0, -0.033204, 0.0, 0.0, 0.0, 1.0],
                [1.0, 0.0, 1e-06, -0.206001, 0.0, 1.0, 0.0, 0.344191, -1e-06, 0.0, 1.0, -0.026049, 0.0, 0.0, 0.0, 1.0],
                [1.0, 0.0, 1e-06, -0.206001, 0.0, 1.0, 0.0, 0.353801, -1e-06, 0.0, 1.0, -0.018126, 0.0, 0.0, 0.0, 1.0],
                [1.0, 0.0, 1e-06, -0.206001, 0.0, 1.0, 0.0, 0.363653, -1e-06, 0.0, 1.0, -0.010002, 0.0, 0.0, 0.0, 1.0],
                [1.0, 0.0, 1e-06, -0.206001, 0.0, 1.0, 0.0, 0.373058, -1e-06, 0.0, 1.0, -0.002248, 0.0, 0.0, 0.0, 1.0],
                [1.0, 0.0, 1e-06, -0.206001, 0.0, 1.0, 0.0, 0.381324, -1e-06, 0.0, 1.0, 0.004568, 0.0, 0.0, 0.0, 1.0],
                [1.0, 0.0, 1e-06, -0.206001, 0.0, 1.0, 0.0, 0.38776, -1e-06, 0.0, 1.0, 0.009875, 0.0, 0.0, 0.0, 1.0],
                [1.0, 0.0, 1e-06, -0.206001, 0.0, 1.0, 0.0, 0.391677, -1e-06, 0.0, 1.0, 0.013105, 0.0, 0.0, 0.0, 1.0],
                [1.0, 0.0, 1e-06, -0.206001, 0.0, 1.0, 0.0, 0.393869, -1e-06, 0.0, 1.0, 0.014912, 0.0, 0.0, 0.0, 1.0],
                [1.0, 0.0, 1e-06, -0.206001, 0.0, 1.0, 0.0, 0.395624, -1e-06, 0.0, 1.0, 0.016359, 0.0, 0.0, 0.0, 1.0],
                [1.0, 0.0, 1e-06, -0.206001, 0.0, 1.0, 0.0, 0.396991, -1e-06, 0.0, 1.0, 0.017487, 0.0, 0.0, 0.0, 1.0],
                [1.0, 0.0, 1e-06, -0.206001, 0.0, 1.0, 0.0, 0.398018, -1e-06, 0.0, 1.0, 0.018334, 0.0, 0.0, 0.0, 1.0],
                [1.0, 0.0, 1e-06, -0.206001, 0.0, 1.0, 0.0, 0.398754, -1e-06, 0.0, 1.0, 0.01894, 0.0, 0.0, 0.0, 1.0],
                [1.0, 0.0, 1e-06, -0.206001, 0.0, 1.0, 0.0, 0.399248, -1e-06, 0.0, 1.0, 0.019347, 0.0, 0.0, 0.0, 1.0],
                [1.0, 0.0, 1e-06, -0.206001, 0.0, 1.0, 0.0, 0.399547, -1e-06, 0.0, 1.0, 0.019594, 0.0, 0.0, 0.0, 1.0],
                [1.0, 0.0, 1e-06, -0.206001, 0.0, 1.0, 0.0, 0.399701, -1e-06, 0.0, 1.0, 0.019721, 0.0, 0.0, 0.0, 1.0],
                [1.0, 0.0, 1e-06, -0.206001, 0.0, 1.0, 0.0, 0.399757, -1e-06, 0.0, 1.0, 0.019767, 0.0, 0.0, 0.0, 1.0],
                [1.0, 0.0, 1e-06, -0.206001, 0.0, 1.0, 0.0, 0.399765, -1e-06, 0.0, 1.0, 0.019774, 0.0, 0.0, 0.0, 1.0],
                [1.0, 0.0, 1e-06, -0.206001, 0.0, 1.0, 0.0, 0.399765, -1e-06, 0.0, 1.0, 0.019774, 0.0, 0.0, 0.0, 1.0],
                [1.0, 0.0, 1e-06, -0.206001, 0.0, 1.0, 0.0, 0.399765, -1e-06, 0.0, 1.0, 0.019774, 0.0, 0.0, 0.0, 1.0],
                [1.0, 0.0, 1e-06, -0.206001, 0.0, 1.0, 0.0, 0.399765, -1e-06, 0.0, 1.0, 0.019774, 0.0, 0.0, 0.0, 1.0],
                [1.0, 0.0, 1e-06, -0.206001, 0.0, 1.0, 0.0, 0.399765, -1e-06, 0.0, 1.0, 0.019774, 0.0, 0.0, 0.0, 1.0],
                [1.0, 0.0, 1e-06, -0.206001, 0.0, 1.0, 0.0, 0.399765, -1e-06, 0.0, 1.0, 0.019774, 0.0, 0.0, 0.0, 1.0],
                [1.0, 0.0, 1e-06, -0.206001, 0.0, 1.0, 0.0, 0.399765, -1e-06, 0.0, 1.0, 0.019774, 0.0, 0.0, 0.0, 1.0],
                [1.0, 0.0, 1e-06, -0.206001, 0.0, 1.0, 0.0, 0.399765, -1e-06, 0.0, 1.0, 0.019774, 0.0, 0.0, 0.0, 1.0],
                [1.0, 0.0, 1e-06, -0.206001, 0.0, 1.0, 0.0, 0.399765, -1e-06, 0.0, 1.0, 0.019774, 0.0, 0.0, 0.0, 1.0],
                [1.0, 0.0, 1e-06, -0.206001, 0.0, 1.0, 0.0, 0.399765, -1e-06, 0.0, 1.0, 0.019774, 0.0, 0.0, 0.0, 1.0],
                [1.0, 0.0, 1e-06, -0.206001, 0.0, 1.0, 0.0, 0.399765, -1e-06, 0.0, 1.0, 0.019774, 0.0, 0.0, 0.0, 1.0],
                [1.0, 0.0, 1e-06, -0.206001, 0.0, 1.0, 0.0, 0.399765, -1e-06, 0.0, 1.0, 0.019774, 0.0, 0.0, 0.0, 1.0],
                [1.0, 0.0, 1e-06, -0.206001, 0.0, 1.0, 0.0, 0.399765, -1e-06, 0.0, 1.0, 0.019774, 0.0, 0.0, 0.0, 1.0],
                [1.0, 0.0, 1e-06, -0.206001, 0.0, 1.0, 0.0, 0.399765, -1e-06, 0.0, 1.0, 0.019774, 0.0, 0.0, 0.0, 1.0],
                [1.0, 0.0, 1e-06, -0.206001, 0.0, 1.0, 0.0, 0.399765, -1e-06, 0.0, 1.0, 0.019774, 0.0, 0.0, 0.0, 1.0],
                [1.0, 0.0, 1e-06, -0.206001, 0.0, 1.0, 0.0, 0.399765, -1e-06, 0.0, 1.0, 0.019774, 0.0, 0.0, 0.0, 1.0],
                [1.0, 0.0, 1e-06, -0.206001, 0.0, 1.0, 0.0, 0.399765, -1e-06, 0.0, 1.0, 0.019774, 0.0, 0.0, 0.0, 1.0],
                [1.0, 0.0, 1e-06, -0.206001, 0.0, 1.0, 0.0, 0.399765, -1e-06, 0.0, 1.0, 0.019774, 0.0, 0.0, 0.0, 1.0],
                [1.0, 0.0, 1e-06, -0.206001, 0.0, 1.0, 0.0, 0.399765, -1e-06, 0.0, 1.0, 0.019774, 0.0, 0.0, 0.0, 1.0],
                [1.0, 0.0, 1e-06, -0.206001, 0.0, 1.0, 0.0, 0.399765, -1e-06, 0.0, 1.0, 0.019774, 0.0, 0.0, 0.0, 1.0],
                [1.0, 0.0, 1e-06, -0.206001, 0.0, 1.0, 0.0, 0.399765, -1e-06, 0.0, 1.0, 0.019774, 0.0, 0.0, 0.0, 1.0],
                [1.0, 0.0, 1e-06, -0.206001, 0.0, 1.0, 0.0, 0.399765, -1e-06, 0.0, 1.0, 0.019774, 0.0, 0.0, 0.0, 1.0],
                [1.0, 0.0, 1e-06, -0.206001, 0.0, 1.0, 0.0, 0.399765, -1e-06, 0.0, 1.0, 0.019774, 0.0, 0.0, 0.0, 1.0],
                [1.0, 0.0, 1e-06, -0.206001, 0.0, 1.0, 0.0, 0.399765, -1e-06, 0.0, 1.0, 0.019774, 0.0, 0.0, 0.0, 1.0],
                [1.0, 0.0, 1e-06, -0.206001, 0.0, 1.0, 0.0, 0.399765, -1e-06, 0.0, 1.0, 0.019774, 0.0, 0.0, 0.0, 1.0],
                [1.0, 0.0, 1e-06, -0.206001, 0.0, 1.0, 0.0, 0.399765, -1e-06, 0.0, 1.0, 0.019774, 0.0, 0.0, 0.0, 1.0],
                [1.0, 0.0, 1e-06, -0.20621, 0.0, 1.0, 0.0, 0.401001, -1e-06, 0.0, 1.0, 0.019765, 0.0, 0.0, 0.0, 1.0],
                [1.0, 0.0, 1e-06, -0.206835, 0.0, 1.0, 0.0, 0.404688, -1e-06, 0.0, 1.0, 0.01974, 0.0, 0.0, 0.0, 1.0],
                [1.0, 0.0, 1e-06, -0.20787, 0.0, 1.0, 0.0, 0.410796, -1e-06, 0.0, 1.0, 0.019697, 0.0, 0.0, 0.0, 1.0],
                [1.0, 0.0, 1e-06, -0.20931, 0.0, 1.0, 0.0, 0.419297, -1e-06, 0.0, 1.0, 0.019637, 0.0, 0.0, 0.0, 1.0],
                [1.0, 0.0, 1e-06, -0.211151, 0.0, 1.0, 0.0, 0.430161, -1e-06, 0.0, 1.0, 0.01956, 0.0, 0.0, 0.0, 1.0],
