{
    "animation": [
        {
            "name": "Tool_s_L",
            "time": [0.0, 0.0167, 0.0333, 0.05, 0.0667, 0.0833, 0.1, 0.1167, 0.1333, 0.15, 0.1667, 0.1833, 0.2, 0.2167, 0.2333, 0.25, 0.2667, 0.2833, 0.3, 0.3167, 0.3333, 0.35, 0.3667, 0.3833, 0.4, 0.4167, 0.4333, 0.45, 0.4667, 0.4833, 0.5, 0.5167, 0.5333, 0.55, 0.5667, 0.5833, 0.6, 0.6167, 0.6333, 0.65, 0.6667, 0.6833, 0.7, 0.7167, 0.7333, 0.75, 0.7667, 0.7833, 0.8, 0.8167, 0.8333, 0.85, 0.8667, 0.8833, 0.9, 0.9167, 0.9333, 0.95, 0.9667, 0.9833, 1.0, 1.0167, 1.0333, 1.05, 1.0667, 1.0833, 1.1, 1.1167, 1.1333, 1.15, 1.1667, 1.1833, 1.2, 1.2167, 1.2333, 1.25, 1.2667, 1.2833, 1.3, 1.3167, 1.3333, 1.35, 1.3667, 1.3833, 1.4, 1.4167, 1.4333, 1.45, 1.4667, 1.4833, 1.5, 1.5167, 1.5333, 1.55, 1.5667, 1.5833, 1.6, 1.6167, 1.6333, 1.65, 1.6667, 1.6833, 1.7, 1.7167, 1.7333, 1.75, 1.7667, 1.7833, 1.8, 1.8167, 1.8333, 1.85, 1.8667, 1.8833, 1.9, 1.9167, 1.9333, 1.95, 1.9667, 1.9833, 2.0, 2.0167, 2.0333, 2.05, 2.0667, 2.0833, 2.1, 2.1167, 2.1333, 2.15, 2.1667, 2.1833, 2.2, 2.2167, 2.2333, 2.25, 2.2667, 2.2833, 2.3, 2.3167, 2.3333, 2.35, 2.3667, 2.3833, 2.4, 2.4167, 2.4333, 2.45, 2.4667, 2.4833, 2.5, 2.5167, 2.5333, 2.55, 2.5667, 2.5833, 2.6, 2.6167, 2.6333, 2.65, 2.6667, 2.6833, 2.7, 2.7167, 2.7333, 2.75, 2.7667, 2.7833, 2.8, 2.8167, 2.8333, 2.85, 2.8667, 2.8833, 2.9, 2.9167, 2.9333, 2.95, 2.9667, 2.9833, 3.0],
            "transform": [
                [0.796178, 0.175944, -0.578916, -0.548592, -0.396044, -0.571809, -0.718459, 0.328396, -0.457438, 0.801298, -0.38558, 0.743813, 0.0, 0.0, 0.0, 1.0],
                [0.796178, 0.175944, -0.578916, -0.548592, -0.396045, -0.571807, -0.71846, 0.328395, -0.457437, 0.801299, -0.385578, 0.743809, 0.0, 0.0, 0.0, 1.0],
                [0.796178, 0.175944, -0.578916, -0.548591, -0.396049, -0.5718, -0.718464, 0.328394, -0.457433, 0.801304, -0.385572, 0.743796, 0.0, 0.0, 0.0, 1.0],
                [0.796178, 0.175944, -0.578916, -0.548591, -0.396055, -0.571788, -0.718469, 0.32839, -0.457428, 0.801312, -0.385562, 0.743775, 0.0, 0.0, 0.0, 1.0],
                [0.796178, 0.175944, -0.578916, -0.548591, -0.396064, -0.571773, -0.718477, 0.328386, -0.45742, 0.801323, -0.385548, 0.743747, 0.0, 0.0, 0.0, 1.0],
                [0.796178, 0.175944, -0.578916, -0.548592, -0.396076, -0.571753, -0.718486, 0.32838, -0.45741, 0.801338, -0.38553, 0.74371, 0.0, 0.0, 0.0, 1.0],
                [0.796178, 0.175944, -0.578916, -0.548591, -0.396089, -0.571729, -0.718498, 0.328374, -0.457398, 0.801355, -0.385509, 0.743665, 0.0, 0.0, 0.0, 1.0],
                [0.796178, 0.175944, -0.578916, -0.548592, -0.396105, -0.571701, -0.718511, 0.328366, -0.457384, 0.801375, -0.385484, 0.743614, 0.0, 0.0, 0.0, 1.0],
                [0.796178, 0.175944, -0.578916, -0.548591, -0.396124, -0.571669, -0.718527, 0.328357, -0.457368, 0.801398, -0.385455, 0.743555, 0.0, 0.0, 0.0, 1.0],
                [0.796178, 0.175944, -0.578916, -0.548592, -0.396144, -0.571633, -0.718544, 0.328347, -0.457351, 0.801423, -0.385423, 0.743489, 0.0, 0.0, 0.0, 1.0],
                [0.796178, 0.175944, -0.578916, -0.548591, -0.396167, -0.571594, -0.718563, 0.328336, -0.457331, 0.801451, -0.385387, 0.743416, 0.0, 0.0, 0.0, 1.0],
                [0.796178, 0.175944, -0.578916, -0.548591, -0.396191, -0.57155, -0.718584, 0.328324, -0.45731, 0.801482, -0.385349, 0.743336, 0.0, 0.0, 0.0, 1.0],
                [0.796178, 0.175944, -0.578916, -0.548592, -0.396218, -0.571504, -0.718606, 0.32831, -0.457287, 0.801515, -0.385307, 0.74325, 0.0, 0.0, 0.0, 1.0],
                [0.796178, 0.175944, -0.578916, -0.548592, -0.396246, -0.571454, -0.71863, 0.328297, -0.457262, 0.801551, -0.385262, 0.743158, 0.0, 0.0, 0.0, 1.0],
                [0.796178, 0.175944, -0.578916, -0.548592, -0.396277, -0.5714, -0.718656, 0.328282, -0.457236, 0.801589, -0.385214, 0.743059, 0.0, 0.0, 0.0, 1.0],
                [0.796178, 0.175944, -0.578916, -0.548591, -0.396309, -0.571344, -0.718683, 0.328266, -0.457208, 0.801629, -0.385163, 0.742955, 0.0, 0.0, 0.0, 1.0],
                [0.796178, 0.175944, -0.578916, -0.548591, -0.396343, -0.571284, -0.718712, 0.328249, -0.457178, 0.801672, -0.38511, 0.742845, 0.0, 0.0, 0.0, 1.0],
                [0.796178, 0.175944, -0.578916, -0.548591, -0.396379, -0.571221, -0.718742, 0.328231, -0.457147, 0.801717, -0.385054, 0.742729, 0.0, 0.0, 0.0, 1.0],
                [0.796178, 0.175944, -0.578916, -0.548591, -0.396416, -0.571156, -0.718773, 0.328213, -0.457115, 0.801763, -0.384995, 0.742608, 0.0, 0.0, 0.0, 1.0],
                [0.796178, 0.175944, -0.578916, -0.548592, -0.396455, -0.571087, -0.718806, 0.328194, -0.457081, 0.801812, -0.384934, 0.742482, 0.0, 0.0, 0.0, 1.0],
                [0.796178, 0.175944, -0.578916, -0.548592, -0.396496, -0.571017, -0.71884, 0.328174, -0.457046, 0.801863, -0.38487, 0.742351, 0.0, 0.0, 0.0, 1.0],
                [0.796178, 0.175944, -0.578916, -0.548592, -0.396538, -0.570943, -0.718876, 0.328153, -0.457009, 0.801915, -0.384804, 0.742215, 0.0, 0.0, 0.0, 1.0],
                [0.796178, 0.175944, -0.578916, -0.548591, -0.396581, -0.570867, -0.718912, 0.328132, -0.456972, 0.801969, -0.384736, 0.742075, 0.0, 0.0, 0.0, 1.0],
                [0.796178, 0.175944, -0.578916, -0.548592, -0.396626, -0.570788, -0.71895, 0.32811, -0.456933, 0.802025, -0.384665, 0.74193, 0.0, 0.0, 0.0, 1.0],
                [0.796178, 0.175944, -0.578916, -0.548591, -0.396672, -0.570707, -0.718988, 0.328087, -0.456893, 0.802083, -0.384593, 0.741781, 0.0, 0.0, 0.0, 1.0],
                [0.796178, 0.175944, -0.578916, -0.548592, -0.396719, -0.570624, -0.719028, 0.328064, -0.456852, 0.802142, -0.384519, 0.741628, 0.0, 0.0, 0.0, 1.0],
                [0.796178, 0.175944, -0.578916, -0.548592, -0.396768, -0.570539, -0.719069, 0.32804, -0.45681, 0.802202, -0.384442, 0.741471, 0.0, 0.0, 0.0, 1.0],
                [0.796178, 0.175944, -0.578916, -0.548591, -0.396817, -0.570452, -0.719111, 0.328015, -0.456767, 0.802264, -0.384364, 0.74131, 0.0, 0.0, 0.0, 1.0],
                [0.796178, 0.175944, -0.578916, -0.548591, -0.396868, -0.570363, -0.719153, 0.327991, -0.456723, 0.802327, -0.384285, 0.741147, 0.0, 0.0, 0.0, 1.0],
                [0.796178, 0.175944, -0.578916, -0.548591, -0.396919, -0.570273, -0.719197, 0.327965, -0.456678, 0.802392, -0.384203, 0.74098, 0.0, 0.0, 0.0, 1.0],
                [0.796178, 0.175944, -0.578916, -0.548592, -0.396972, -0.57018, -0.719241, 0.327939, -0.456632, 0.802457, -0.38412, 0.740809, 0.0, 0.0, 0.0, 1.0],
                [0.796178, 0.175944, -0.578916, -0.548591, -0.397025, -0.570086, -0.719286, 0.327913, -0.456586, 0.802524, -0.384036, 0.740636, 0.0, 0.0, 0.0, 1.0],
                [0.796178, 0.175944, -0.578916, -0.548591, -0.39708, -0.569991, -0.719331, 0.327886, -0.456539, 0.802592, -0.383951, 0.740461, 0.0, 0.0, 0.0, 1.0],
                [0.796178, 0.175944, -0.578916, -0.548591, -0.397135, -0.569894, -0.719378, 0.327859, -0.456491, 0.802661, -0.383864, 0.740282, 0.0, 0.0, 0.0, 1.0],
                [0.796178, 0.175944, -0.578916, -0.548591, -0.39719, -0.569797, -0.719424, 0.327831, -0.456442, 0.80273, -0.383777, 0.740102, 0.0, 0.0, 0.0, 1.0],
                [0.796178, 0.175944, -0.578916, -0.548592, -0.397247, -0.569697, -0.719472, 0.327803, -0.456393, 0.8028, -0.383688, 0.739919, 0.0, 0.0, 0.0, 1.0],
                [0.796178, 0.175944, -0.578916, -0.548592, -0.397304, -0.569597, -0.71952, 0.327775, -0.456344, 0.802871, -0.383598, 0.739735, 0.0, 0.0, 0.0, 1.0],
                [0.796178, 0.175944, -0.578916, -0.548591, -0.397361, -0.569496, -0.719568, 0.327747, -0.456294, 0.802943, -0.383507, 0.739549, 0.0, 0.0, 0.0, 1.0],
                [0.796178, 0.175944, -0.578916, -0.548591, -0.397419, -0.569394, -0.719617, 0.327718, -0.456243, 0.803015, -0.383416, 0.739361, 0.0, 0.0, 0.0, 1.0],
                [0.796178, 0.175944, -0.578916, -0.548591, -0.397477, -0.569292, -0.719666, 0.327689, -0.456193, 0.803088, -0.383324, 0.739172, 0.0, 0.0, 0.0, 1.0],
                [0.796178, 0.175944, -0.578916, -0.548592, -0.397536, -0.569188, -0.719715, 0.32766, -0.456142, 0.803161, -0.383231, 0.738982, 0.0, 0.0, 0.0, 1.0],
                [0.796178, 0.175944, -0.578916, -0.548591, -0.397595, -0.569084, -0.719764, 0.327631, -0.45609, 0.803235, -0.383138, 0.738791, 0.0, 0.0, 0.0, 1.0],
                [0.796178, 0.175944, -0.578916, -0.548592, -0.397654, -0.56898, -0.719814, 0.327602, -0.456039, 0.803309, -0.383045, 0.738599, 0.0, 0.0, 0.0, 1.0],
                [0.796178, 0.175944, -0.578916, -0.548592, -0.397714, -0.568876, -0.719864, 0.327572, -0.455987, 0.803383, -0.382951, 0.738407, 0.0, 0.0, 0.0, 1.0],
                [0.796178, 0.175944, -0.578916, -0.548591, -0.397773, -0.568771, -0.719914, 0.327543, -0.455935, 0.803457, -0.382857, 0.738214, 0.0, 0.0, 0.0, 1.0],
                [0.796178, 0.175944, -0.578916, -0.548591, -0.397832, -0.568666, -0.719964, 0.327513, -0.455883, 0.803531, -0.382763, 0.738021, 0.0, 0.0, 0.0, 1.0],
                [0.796178, 0.175944, -0.578916, -0.548592, -0.397892, -0.568561, -0.720014, 0.327484, -0.455831, 0.803605, -0.382669, 0.737828, 0.0, 0.0, 0.0, 1.0],
                [0.796178, 0.175944, -0.578916, -0.548592, -0.397951, -0.568456, -0.720064, 0.327454, -0.455779, 0.80368, -0.382576, 0.737635, 0.0, 0.0, 0.0, 1.0],
                [0.796178, 0.175944, -0.578916, -0.548591, -0.398011, -0.568352, -0.720114, 0.327425, -0.455727, 0.803754, -0.382482, 0.737443, 0.0, 0.0, 0.0, 1.0],
                [0.796178, 0.175944, -0.578916, -0.548592, -0.39807, -0.568247, -0.720163, 0.327395, -0.455676, 0.803827, -0.382388, 0.737251, 0.0, 0.0, 0.0, 1.0],
                [0.796178, 0.175944, -0.578916, -0.548591, -0.398129, -0.568143, -0.720213, 0.327366, -0.455624, 0.803901, -0.382295, 0.73706, 0.0, 0.0, 0.0, 1.0],
                [0.796178, 0.175944, -0.578916, -0.548591, -0.398187, -0.56804, -0.720262, 0.327337, -0.455573, 0.803974, -0.382203, 0.73687, 0.0, 0.0, 0.0, 1.0],
                [0.796178, 0.175944, -0.578916, -0.548592, -0.398246, -0.567937, -0.720311, 0.327308, -0.455522, 0.804047, -0.382111, 0.736681, 0.0, 0.0, 0.0, 1.0],
                [0.796178, 0.175944, -0.578916, -0.548591, -0.398303, -0.567835, -0.720359, 0.327279, -0.455471, 0.804119, -0.382019, 0.736493, 0.0, 0.0, 0.0, 1.0],
                [0.796178, 0.175944, -0.578916, -0.548591, -0.398361, -0.567734, -0.720407, 0.327251, -0.455421, 0.80419, -0.381929, 0.736307, 0.0, 0.0, 0.0, 1.0],
                [0.796178, 0.175944, -0.578916, -0.548592, -0.398417, -0.567634, -0.720455, 0.327223, -0.455372, 0.804261, -0.381839, 0.736122, 0.0, 0.0, 0.0, 1.0],
                [0.796178, 0.175944, -0.578916, -0.548591, -0.398474, -0.567534, -0.720502, 0.327195, -0.455322, 0.804331, -0.38175, 0.73594, 0.0, 0.0, 0.0, 1.0],
                [0.796178, 0.175944, -0.578916, -0.548592, -0.398529, -0.567436, -0.720549, 0.327167, -0.455274, 0.8044, -0.381662, 0.73576, 0.0, 0.0, 0.0, 1.0],
                [0.796178, 0.175944, -0.578916, -0.548591, -0.398584, -0.567339, -0.720595, 0.32714, -0.455226, 0.804469, -0.381575, 0.735582, 0.0, 0.0, 0.0, 1.0],
                [0.796178, 0.175944, -0.578916, -0.548591, -0.398638, -0.567244, -0.72064, 0.327113, -0.455178, 0.804536, -0.381489, 0.735406, 0.0, 0.0, 0.0, 1.0],
                [0.796178, 0.175944, -0.578916, -0.548591, -0.398691, -0.567149, -0.720685, 0.327086, -0.455132, 0.804602, -0.381405, 0.735233, 0.0, 0.0, 0.0, 1.0],
                [0.796178, 0.175944, -0.578916, -0.548592, -0.398744, -0.567057, -0.720729, 0.32706, -0.455086, 0.804668, -0.381322, 0.735063, 0.0, 0.0, 0.0, 1.0],
                [0.796178, 0.175944, -0.578916, -0.548592, -0.398795, -0.566966, -0.720772, 0.327034, -0.455041, 0.804732, -0.381241, 0.734896, 0.0, 0.0, 0.0, 1.0],
                [0.796178, 0.175944, -0.578916, -0.548592, -0.398846, -0.566877, -0.720814, 0.327009, -0.454997, 0.804794, -0.381161, 0.734733, 0.0, 0.0, 0.0, 1.0],
                [0.796178, 0.175944, -0.578916, -0.548592, -0.398895, -0.56679, -0.720855, 0.326985, -0.454954, 0.804856, -0.381083, 0.734572, 0.0, 0.0, 0.0, 1.0],
                [0.796178, 0.175944, -0.578916, -0.548592, -0.398943, -0.566704, -0.720895, 0.326961, -0.454911, 0.804916, -0.381006, 0.734415, 0.0, 0.0, 0.0, 1.0],
                [0.796178, 0.175944, -0.578916, -0.548591, -0.39899, -0.566621, -0.720935, 0.326937, -0.45487, 0.804975, -0.380931, 0.734263, 0.0, 0.0, 0.0, 1.0],
                [0.796178, 0.175944, -0.578916, -0.548591, -0.399036, -0.56654, -0.720973, 0.326914, -0.45483, 0.805032, -0.380859, 0.734114, 0.0, 0.0, 0.0, 1.0],
                [0.796178, 0.175944, -0.578916, -0.548592, -0.399081, -0.566461, -0.721011, 0.326892, -0.454791, 0.805087, -0.380788, 0.733969, 0.0, 0.0, 0.0, 1.0],
                [0.796178, 0.175944, -0.578916, -0.548591, -0.399124, -0.566384, -0.721047, 0.32687, -0.454753, 0.805141, -0.38072, 0.733829, 0.0, 0.0, 0.0, 1.0],
                [0.796178, 0.175944, -0.578916, -0.548591, -0.399166, -0.566311, -0.721082, 0.32685, -0.454716, 0.805193, -0.380654, 0.733693, 0.0, 0.0, 0.0, 1.0],
                [0.796178, 0.175944, -0.578916, -0.548591, -0.399206, -0.566239, -0.721116, 0.326829, -0.454681, 0.805243, -0.38059, 0.733562, 0.0, 0.0, 0.0, 1.0],
                [0.796178, 0.175944, -0.578916, -0.548591, -0.399245, -0.56617, -0.721148, 0.32681, -0.454647, 0.805292, -0.380528, 0.733436, 0.0, 0.0, 0.0, 1.0],
                [0.796178, 0.175944, -0.578916, -0.548592, -0.399282, -0.566105, -0.721179, 0.326792, -0.454614, 0.805338, -0.380469, 0.733315, 0.0, 0.0, 0.0, 1.0],
                [0.796178, 0.175944, -0.578916, -0.548592, -0.399318, -0.566042, -0.721209, 0.326774, -0.454583, 0.805382, -0.380413, 0.7332, 0.0, 0.0, 0.0, 1.0],
                [0.796178, 0.175944, -0.578916, -0.548591, -0.399351, -0.565982, -0.721237, 0.326757, -0.454553, 0.805424, -0.380359, 0.73309, 0.0, 0.0, 0.0, 1.0],
                [0.796178, 0.175944, -0.578916, -0.548591, -0.399383, -0.565925, -0.721264, 0.326741, -0.454525, 0.805464, -0.380308, 0.732985, 0.0, 0.0, 0.0, 1.0],
                [0.796178, 0.175944, -0.578916, -0.548591, -0.399414, -0.565871, -0.721289, 0.326726, -0.454498, 0.805502, -0.38026, 0.732887, 0.0, 0.0, 0.0, 1.0],
                [0.796178, 0.175944, -0.578916, -0.548591, -0.399442, -0.565821, -0.721313, 0.326711, -0.454473, 0.805537, -0.380215, 0.732795, 0.0, 0.0, 0.0, 1.0],
                [0.796178, 0.175944, -0.578916, -0.548591, -0.399469, -0.565774, -0.721335, 0.326698, -0.45445, 0.80557, -0.380173, 0.732709, 0.0, 0.0, 0.0, 1.0],
                [0.796178, 0.175944, -0.578916, -0.548591, -0.399493, -0.565731, -0.721356, 0.326686, -0.454429, 0.8056, -0.380134, 0.732629, 0.0, 0.0, 0.0, 1.0],
                [0.796178, 0.175944, -0.578916, -0.548591, -0.399515, -0.565691, -0.721374, 0.326675, -0.454409, 0.805628, -0.380099, 0.732556, 0.0, 0.0, 0.0, 1.0],
                [0.796178, 0.175944, -0.578916, -0.548592, -0.399536, -0.565655, -0.721391, 0.326665, -0.454391, 0.805654, -0.380066, 0.73249, 0.0, 0.0, 0.0, 1.0],
                [0.796178, 0.175944, -0.578916, -0.548591, -0.399554, -0.565623, -0.721406, 0.326655, -0.454375, 0.805676, -0.380038, 0.732431, 0.0, 0.0, 0.0, 1.0],
                [0.796178, 0.175944, -0.578916, -0.548591, -0.39957, -0.565595, -0.72142, 0.326647, -0.454361, 0.805696, -0.380012, 0.73238, 0.0, 0.0, 0.0, 1.0],
                [0.796178, 0.175944, -0.578916, -0.548591, -0.399583, -0.565571, -0.721431, 0.326641, -0.454349, 0.805713, -0.379991, 0.732335, 0.0, 0.0, 0.0, 1.0],
                [0.796178, 0.175944, -0.578916, -0.548591, -0.399595, -0.565551, -0.721441, 0.326635, -0.454339, 0.805727, -0.379973, 0.732299, 0.0, 0.0, 0.0, 1.0],
                [0.796178, 0.175944, -0.578916, -0.548591, -0.399603, -0.565535, -0.721448, 0.326631, -0.454331, 0.805738, -0.379959, 0.73227, 0.0, 0.0, 0.0, 1.0],
                [0.796178, 0.175944, -0.578916, -0.548591, -0.39961, -0.565523, -0.721453, 0.326627, -0.454326, 0.805746, -0.379949, 0.732249, 0.0, 0.0, 0.0, 1.0],
                [0.796178, 0.175944, -0.578916, -0.548592, -0.399614, -0.565517, -0.721456, 0.326625, -0.454322, 0.805751, -0.379942, 0.732237, 0.0, 0.0, 0.0, 1.0],
                [0.796178, 0.175944, -0.578916, -0.548591, -0.399615, -0.565514, -0.721458, 0.326625, -0.454321, 0.805753, -0.37994, 0.732232, 0.0, 0.0, 0.0, 1.0],
                [0.796178, 0.175944, -0.578916, -0.548592, -0.399614, -0.565517, -0.721456, 0.326625, -0.454322, 0.805751, -0.379943, 0.732236, 0.0, 0.0, 0.0, 1.0],
                [0.796178, 0.175944, -0.578916, -0.548591, -0.39961, -0.565524, -0.721453, 0.326627, -0.454326, 0.805746, -0.379949, 0.732249, 0.0, 0.0, 0.0, 1.0],
                [0.796178, 0.175944, -0.578916, -0.548591, -0.399603, -0.565535, -0.721448, 0.326631, -0.454331, 0.805738, -0.379959, 0.73227, 0.0, 0.0, 0.0, 1.0],
                [0.796178, 0.175944, -0.578916, -0.548591, -0.399595, -0.565551, -0.721441, 0.326635, -0.454339, 0.805727, -0.379973, 0.732299, 0.0, 0.0, 0.0, 1.0],
                [0.796178, 0.175944, -0.578916, -0.548591, -0.399583, -0.56557, -0.721431, 0.326641, -0.454349, 0.805713, -0.379991, 0.732335, 0.0, 0.0, 0.0, 1.0],
                [0.796178, 0.175944, -0.578916, -0.548591, -0.39957, -0.565595, -0.72142, 0.326647, -0.454361, 0.805696, -0.380013, 0.73238, 0.0, 0.0, 0.0, 1.0],
                [0.796178, 0.175944, -0.578916, -0.548591, -0.399554, -0.565623, -0.721406, 0.326655, -0.454375, 0.805676, -0.380038, 0.732431, 0.0, 0.0, 0.0, 1.0],
                [0.796178, 0.175944, -0.578916, -0.548592, -0.399536, -0.565655, -0.721391, 0.326665, -0.454391, 0.805654, -0.380066, 0.73249, 0.0, 0.0, 0.0, 1.0],
                [0.796178, 0.175944, -0.578916, -0.548591, -0.399515, -0.565691, -0.721374, 0.326675, -0.454409, 0.805628, -0.380099, 0.732556, 0.0, 0.0, 0.0, 1.0],
                [0.796178, 0.175944, -0.578916, -0.548591, -0.399493, -0.565731, -0.721355, 0.326686, -0.454429, 0.805601, -0.380134, 0.732629, 0.0, 0.0, 0.0, 1.0],
                [0.796178, 0.175944, -0.578916, -0.548591, -0.399468, -0.565774, -0.721335, 0.326698, -0.45445, 0.80557, -0.380173, 0.732709, 0.0, 0.0, 0.0, 1.0],
                [0.796178, 0.175944, -0.578916, -0.548591, -0.399442, -0.565821, -0.721313, 0.326711, -0.454473, 0.805537, -0.380215, 0.732795, 0.0, 0.0, 0.0, 1.0],
                [0.796178, 0.175944, -0.578916, -0.548591, -0.399414, -0.565871, -0.721289, 0.326726, -0.454498, 0.805502, -0.38026, 0.732887, 0.0, 0.0, 0.0, 1.0],
                [0.796178, 0.175944, -0.578916, -0.548591, -0.399383, -0.565925, -0.721264, 0.326741, -0.454525, 0.805464, -0.380308, 0.732985, 0.0, 0.0, 0.0, 1.0],
                [0.796178, 0.175944, -0.578916, -0.548591, -0.399351, -0.565982, -0.721237, 0.326757, -0.454553, 0.805424, -0.380359, 0.73309, 0.0, 0.0, 0.0, 1.0],
                [0.796178, 0.175944, -0.578916, -0.548592, -0.399318, -0.566042, -0.721209, 0.326774, -0.454583, 0.805382, -0.380413, 0.7332, 0.0, 0.0, 0.0, 1.0],
                [0.796178, 0.175944, -0.578916, -0.548592, -0.399282, -0.566105, -0.721179, 0.326791, -0.454614, 0.805338, -0.380469, 0.733315, 0.0, 0.0, 0.0, 1.0],
                [0.796178, 0.175944, -0.578916, -0.548591, -0.399245, -0.566171, -0.721148, 0.32681, -0.454647, 0.805291, -0.380528, 0.733436, 0.0, 0.0, 0.0, 1.0],
                [0.796178, 0.175944, -0.578916, -0.548591, -0.399206, -0.566239, -0.721116, 0.326829, -0.454681, 0.805243, -0.38059, 0.733562, 0.0, 0.0, 0.0, 1.0],
                [0.796178, 0.175944, -0.578916, -0.548591, -0.399166, -0.566311, -0.721082, 0.326849, -0.454716, 0.805193, -0.380654, 0.733693, 0.0, 0.0, 0.0, 1.0],
                [0.796178, 0.175944, -0.578916, -0.548591, -0.399124, -0.566384, -0.721047, 0.32687, -0.454753, 0.805141, -0.38072, 0.733829, 0.0, 0.0, 0.0, 1.0],
                [0.796178, 0.175944, -0.578916, -0.548592, -0.399081, -0.566461, -0.721011, 0.326892, -0.454791, 0.805087, -0.380788, 0.733969, 0.0, 0.0, 0.0, 1.0],
                [0.796178, 0.175944, -0.578916, -0.548591, -0.399036, -0.56654, -0.720973, 0.326914, -0.45483, 0.805032, -0.380859, 0.734114, 0.0, 0.0, 0.0, 1.0],
                [0.796178, 0.175944, -0.578916, -0.548591, -0.39899, -0.566621, -0.720935, 0.326937, -0.45487, 0.804975, -0.380931, 0.734263, 0.0, 0.0, 0.0, 1.0],
                [0.796178, 0.175944, -0.578916, -0.548592, -0.398943, -0.566704, -0.720895, 0.326961, -0.454911, 0.804916, -0.381006, 0.734415, 0.0, 0.0, 0.0, 1.0],
                [0.796178, 0.175944, -0.578916, -0.548592, -0.398895, -0.566789, -0.720855, 0.326985, -0.454953, 0.804856, -0.381082, 0.734572, 0.0, 0.0, 0.0, 1.0],
                [0.796178, 0.175944, -0.578916, -0.548592, -0.398846, -0.566877, -0.720814, 0.327009, -0.454997, 0.804794, -0.381161, 0.734733, 0.0, 0.0, 0.0, 1.0],
                [0.796178, 0.175944, -0.578916, -0.548592, -0.398795, -0.566966, -0.720771, 0.327034, -0.455041, 0.804732, -0.381241, 0.734896, 0.0, 0.0, 0.0, 1.0],
                [0.796178, 0.175944, -0.578916, -0.548592, -0.398744, -0.567057, -0.720729, 0.32706, -0.455086, 0.804668, -0.381322, 0.735063, 0.0, 0.0, 0.0, 1.0],
                [0.796178, 0.175944, -0.578916, -0.548591, -0.398692, -0.56715, -0.720685, 0.327086, -0.455132, 0.804602, -0.381405, 0.735233, 0.0, 0.0, 0.0, 1.0],
                [0.796178, 0.175944, -0.578916, -0.548591, -0.398638, -0.567244, -0.72064, 0.327113, -0.455178, 0.804536, -0.381489, 0.735406, 0.0, 0.0, 0.0, 1.0],
                [0.796178, 0.175944, -0.578916, -0.548591, -0.398584, -0.567339, -0.720595, 0.32714, -0.455226, 0.804469, -0.381575, 0.735582, 0.0, 0.0, 0.0, 1.0],
                [0.796178, 0.175944, -0.578916, -0.548592, -0.398529, -0.567436, -0.720549, 0.327167, -0.455274, 0.8044, -0.381662, 0.73576, 0.0, 0.0, 0.0, 1.0],
                [0.796178, 0.175944, -0.578916, -0.548591, -0.398474, -0.567534, -0.720502, 0.327195, -0.455322, 0.804331, -0.38175, 0.73594, 0.0, 0.0, 0.0, 1.0],
                [0.796178, 0.175944, -0.578916, -0.548592, -0.398418, -0.567634, -0.720455, 0.327223, -0.455372, 0.804261, -0.381839, 0.736122, 0.0, 0.0, 0.0, 1.0],
                [0.796178, 0.175944, -0.578916, -0.548591, -0.398361, -0.567734, -0.720407, 0.327251, -0.455421, 0.80419, -0.381928, 0.736307, 0.0, 0.0, 0.0, 1.0],
                [0.796178, 0.175944, -0.578916, -0.548591, -0.398303, -0.567835, -0.720359, 0.327279, -0.455471, 0.804119, -0.382019, 0.736493, 0.0, 0.0, 0.0, 1.0],
                [0.796178, 0.175944, -0.578916, -0.548592, -0.398246, -0.567937, -0.720311, 0.327308, -0.455522, 0.804047, -0.382111, 0.736681, 0.0, 0.0, 0.0, 1.0],
                [0.796178, 0.175944, -0.578916, -0.548591, -0.398187, -0.56804, -0.720262, 0.327337, -0.455573, 0.803974, -0.382203, 0.73687, 0.0, 0.0, 0.0, 1.0],
                [0.796178, 0.175944, -0.578916, -0.548591, -0.398129, -0.568143, -0.720213, 0.327366, -0.455624, 0.803901, -0.382295, 0.73706, 0.0, 0.0, 0.0, 1.0],
                [0.796178, 0.175944, -0.578916, -0.548592, -0.39807, -0.568247, -0.720163, 0.327395, -0.455676, 0.803827, -0.382388, 0.737251, 0.0, 0.0, 0.0, 1.0],
                [0.796178, 0.175944, -0.578916, -0.548591, -0.398011, -0.568352, -0.720114, 0.327425, -0.455727, 0.803754, -0.382482, 0.737443, 0.0, 0.0, 0.0, 1.0],
                [0.796178, 0.175944, -0.578916, -0.548592, -0.397951, -0.568456, -0.720064, 0.327454, -0.455779, 0.80368, -0.382576, 0.737635, 0.0, 0.0, 0.0, 1.0],
                [0.796178, 0.175944, -0.578916, -0.548592, -0.397892, -0.568561, -0.720014, 0.327484, -0.455831, 0.803605, -0.38267, 0.737828, 0.0, 0.0, 0.0, 1.0],
                [0.796178, 0.175944, -0.578916, -0.548591, -0.397832, -0.568666, -0.719964, 0.327513, -0.455883, 0.803531, -0.382763, 0.738021, 0.0, 0.0, 0.0, 1.0],
                [0.796178, 0.175944, -0.578916, -0.548591, -0.397773, -0.568771, -0.719914, 0.327543, -0.455935, 0.803457, -0.382857, 0.738214, 0.0, 0.0, 0.0, 1.0],
                [0.796178, 0.175944, -0.578916, -0.548592, -0.397713, -0.568876, -0.719864, 0.327572, -0.455987, 0.803383, -0.382951, 0.738407, 0.0, 0.0, 0.0, 1.0],
                [0.796178, 0.175944, -0.578916, -0.548592, -0.397654, -0.56898, -0.719814, 0.327602, -0.456039, 0.803309, -0.383045, 0.738599, 0.0, 0.0, 0.0, 1.0],
                [0.796178, 0.175944, -0.578916, -0.548591, -0.397595, -0.569084, -0.719764, 0.327631, -0.45609, 0.803235, -0.383138, 0.738791, 0.0, 0.0, 0.0, 1.0],
                [0.796178, 0.175944, -0.578916, -0.548592, -0.397536, -0.569188, -0.719715, 0.32766, -0.456142, 0.803162, -0.383231, 0.738982, 0.0, 0.0, 0.0, 1.0],
                [0.796178, 0.175944, -0.578916, -0.548591, -0.397477, -0.569291, -0.719666, 0.327689, -0.456193, 0.803088, -0.383324, 0.739172, 0.0, 0.0, 0.0, 1.0],
                [0.796178, 0.175944, -0.578916, -0.548591, -0.397419, -0.569394, -0.719617, 0.327718, -0.456243, 0.803015, -0.383416, 0.739361, 0.0, 0.0, 0.0, 1.0],
                [0.796178, 0.175944, -0.578916, -0.548591, -0.397361, -0.569496, -0.719568, 0.327747, -0.456294, 0.802943, -0.383507, 0.739549, 0.0, 0.0, 0.0, 1.0],
                [0.796178, 0.175944, -0.578916, -0.548592, -0.397304, -0.569597, -0.71952, 0.327775, -0.456344, 0.802871, -0.383598, 0.739735, 0.0, 0.0, 0.0, 1.0],
                [0.796178, 0.175944, -0.578916, -0.548592, -0.397247, -0.569697, -0.719472, 0.327803, -0.456393, 0.8028, -0.383688, 0.739919, 0.0, 0.0, 0.0, 1.0],
                [0.796178, 0.175944, -0.578916, -0.548591, -0.39719, -0.569796, -0.719424, 0.327831, -0.456442, 0.80273, -0.383776, 0.740102, 0.0, 0.0, 0.0, 1.0],
                [0.796178, 0.175944, -0.578916, -0.548591, -0.397135, -0.569894, -0.719378, 0.327859, -0.456491, 0.802661, -0.383864, 0.740282, 0.0, 0.0, 0.0, 1.0],
                [0.796178, 0.175944, -0.578916, -0.548591, -0.39708, -0.569991, -0.719332, 0.327886, -0.456539, 0.802592, -0.383951, 0.740461, 0.0, 0.0, 0.0, 1.0],
                [0.796178, 0.175944, -0.578916, -0.548591, -0.397025, -0.570086, -0.719286, 0.327913, -0.456586, 0.802524, -0.384036, 0.740636, 0.0, 0.0, 0.0, 1.0],
                [0.796178, 0.175944, -0.578916, -0.548592, -0.396972, -0.57018, -0.719241, 0.327939, -0.456632, 0.802457, -0.384121, 0.740809, 0.0, 0.0, 0.0, 1.0],
                [0.796178, 0.175944, -0.578916, -0.548591, -0.396919, -0.570273, -0.719197, 0.327965, -0.456678, 0.802392, -0.384203, 0.74098, 0.0, 0.0, 0.0, 1.0],
                [0.796178, 0.175944, -0.578916, -0.548591, -0.396868, -0.570363, -0.719153, 0.32799, -0.456723, 0.802327, -0.384284, 0.741147, 0.0, 0.0, 0.0, 1.0],
                [0.796178, 0.175944, -0.578916, -0.548592, -0.396817, -0.570452, -0.719111, 0.328015, -0.456767, 0.802264, -0.384364, 0.74131, 0.0, 0.0, 0.0, 1.0],
                [0.796178, 0.175944, -0.578916, -0.548592, -0.396768, -0.570539, -0.719069, 0.32804, -0.45681, 0.802202, -0.384442, 0.741471, 0.0, 0.0, 0.0, 1.0],
                [0.796178, 0.175944, -0.578916, -0.548591, -0.396719, -0.570624, -0.719028, 0.328064, -0.456852, 0.802142, -0.384519, 0.741628, 0.0, 0.0, 0.0, 1.0],
                [0.796178, 0.175944, -0.578916, -0.548591, -0.396672, -0.570707, -0.718988, 0.328087, -0.456893, 0.802083, -0.384593, 0.741781, 0.0, 0.0, 0.0, 1.0],
                [0.796178, 0.175944, -0.578916, -0.548592, -0.396626, -0.570788, -0.71895, 0.32811, -0.456933, 0.802025, -0.384665, 0.74193, 0.0, 0.0, 0.0, 1.0],
                [0.796178, 0.175944, -0.578916, -0.548591, -0.396581, -0.570867, -0.718912, 0.328132, -0.456972, 0.801969, -0.384736, 0.742075, 0.0, 0.0, 0.0, 1.0],
                [0.796178, 0.175944, -0.578916, -0.548592, -0.396538, -0.570943, -0.718875, 0.328153, -0.457009, 0.801915, -0.384804, 0.742215, 0.0, 0.0, 0.0, 1.0],
                [0.796178, 0.175944, -0.578916, -0.548592, -0.396496, -0.571016, -0.71884, 0.328174, -0.457046, 0.801863, -0.38487, 0.742351, 0.0, 0.0, 0.0, 1.0],
                [0.796178, 0.175944, -0.578916, -0.548592, -0.396455, -0.571087, -0.718806, 0.328194, -0.457081, 0.801812, -0.384934, 0.742482, 0.0, 0.0, 0.0, 1.0],
                [0.796178, 0.175944, -0.578916, -0.548591, -0.396416, -0.571156, -0.718773, 0.328213, -0.457115, 0.801763, -0.384995, 0.742608, 0.0, 0.0, 0.0, 1.0],
                [0.796178, 0.175944, -0.578916, -0.548591, -0.396379, -0.571221, -0.718742, 0.328231, -0.457147, 0.801717, -0.385054, 0.742729, 0.0, 0.0, 0.0, 1.0],
                [0.796178, 0.175944, -0.578916, -0.548591, -0.396343, -0.571284, -0.718712, 0.328249, -0.457178, 0.801672, -0.38511, 0.742845, 0.0, 0.0, 0.0, 1.0],
                [0.796178, 0.175944, -0.578916, -0.548591, -0.396309, -0.571344, -0.718683, 0.328266, -0.457208, 0.801629, -0.385164, 0.742955, 0.0, 0.0, 0.0, 1.0],
                [0.796178, 0.175944, -0.578916, -0.548592, -0.396277, -0.5714, -0.718656, 0.328282, -0.457236, 0.801589, -0.385214, 0.743059, 0.0, 0.0, 0.0, 1.0],
                [0.796178, 0.175944, -0.578916, -0.548592, -0.396246, -0.571454, -0.71863, 0.328296, -0.457262, 0.801551, -0.385262, 0.743158, 0.0, 0.0, 0.0, 1.0],
                [0.796178, 0.175944, -0.578916, -0.548592, -0.396218, -0.571504, -0.718606, 0.32831, -0.457287, 0.801515, -0.385307, 0.74325, 0.0, 0.0, 0.0, 1.0],
                [0.796178, 0.175944, -0.578916, -0.548591, -0.396191, -0.571551, -0.718584, 0.328324, -0.45731, 0.801482, -0.385349, 0.743336, 0.0, 0.0, 0.0, 1.0],
                [0.796178, 0.175944, -0.578916, -0.548591, -0.396167, -0.571594, -0.718563, 0.328336, -0.457331, 0.801451, -0.385387, 0.743416, 0.0, 0.0, 0.0, 1.0],
                [0.796178, 0.175944, -0.578916, -0.548592, -0.396144, -0.571633, -0.718544, 0.328347, -0.457351, 0.801423, -0.385423, 0.743489, 0.0, 0.0, 0.0, 1.0],
                [0.796178, 0.175944, -0.578916, -0.548591, -0.396124, -0.571669, -0.718527, 0.328357, -0.457368, 0.801398, -0.385455, 0.743555, 0.0, 0.0, 0.0, 1.0],
                [0.796178, 0.175944, -0.578916, -0.548592, -0.396105, -0.571701, -0.718511, 0.328366, -0.457384, 0.801375, -0.385484, 0.743614, 0.0, 0.0, 0.0, 1.0],
                [0.796178, 0.175944, -0.578916, -0.548591, -0.396089, -0.571729, -0.718498, 0.328374, -0.457398, 0.801355, -0.385509, 0.743665, 0.0, 0.0, 0.0, 1.0],
                [0.796178, 0.175944, -0.578916, -0.548592, -0.396076, -0.571753, -0.718486, 0.32838, -0.45741, 0.801338, -0.38553, 0.74371, 0.0, 0.0, 0.0, 1.0],
                [0.796178, 0.175944, -0.578916, -0.548591, -0.396064, -0.571773, -0.718477, 0.328386, -0.45742, 0.801323, -0.385548, 0.743747, 0.0, 0.0, 0.0, 1.0],
                [0.796178, 0.175944, -0.578916, -0.548591, -0.396055, -0.571788, -0.718469, 0.32839, -0.457428, 0.801312, -0.385562, 0.743775, 0.0, 0.0, 0.0, 1.0],
                [0.796178, 0.175944, -0.578916, -0.548591, -0.396049, -0.5718, -0.718464, 0.328394, -0.457433, 0.801304, -0.385572, 0.743796, 0.0, 0.0, 0.0, 1.0],
                [0.796178, 0.175944, -0.578916, -0.548592, -0.396045, -0.571807, -0.71846, 0.328395, -0.457437, 0.801299, -0.385578, 0.743809, 0.0, 0.0, 0.0, 1.0],
                [0.796178, 0.175944, -0.578916, -0.548592, -0.396044, -0.571809, -0.718459, 0.328396, -0.457438, 0.801298, -0.38558, 0.743813, 0.0, 0.0, 0.0, 1.0]
            ]
        },
        {
            "name": "Tool_s_R",
            "time": [0.0, 0.0167, 0.0333, 0.05, 0.0667, 0.0833, 0.1, 0.1167, 0.1333, 0.15, 0.1667, 0.1833, 0.2, 0.2167, 0.2333, 0.25, 0.2667, 0.2833, 0.3, 0.3167, 0.3333, 0.35, 0.3667, 0.3833, 0.4, 0.4167, 0.4333, 0.45, 0.4667, 0.4833, 0.5, 0.5167, 0.5333, 0.55, 0.5667, 0.5833, 0.6, 0.6167, 0.6333, 0.65, 0.6667, 0.6833, 0.7, 0.7167, 0.7333, 0.75, 0.7667, 0.7833, 0.8, 0.8167, 0.8333, 0.85, 0.8667, 0.8833, 0.9, 0.9167, 0.9333, 0.95, 0.9667, 0.9833, 1.0, 1.0167, 1.0333, 1.05, 1.0667, 1.0833, 1.1, 1.1167, 1.1333, 1.15, 1.1667, 1.1833, 1.2, 1.2167, 1.2333, 1.25, 1.2667, 1.2833, 1.3, 1.3167, 1.3333, 1.35, 1.3667, 1.3833, 1.4, 1.4167, 1.4333, 1.45, 1.4667, 1.4833, 1.5, 1.5167, 1.5333, 1.55, 1.5667, 1.5833, 1.6, 1.6167, 1.6333, 1.65, 1.6667, 1.6833, 1.7, 1.7167, 1.7333, 1.75, 1.7667, 1.7833, 1.8, 1.8167, 1.8333, 1.85, 1.8667, 1.8833, 1.9, 1.9167, 1.9333, 1.95, 1.9667, 1.9833, 2.0, 2.0167, 2.0333, 2.05, 2.0667, 2.0833, 2.1, 2.1167, 2.1333, 2.15, 2.1667, 2.1833, 2.2, 2.2167, 2.2333, 2.25, 2.2667, 2.2833, 2.3, 2.3167, 2.3333, 2.35, 2.3667, 2.3833, 2.4, 2.4167, 2.4333, 2.45, 2.4667, 2.4833, 2.5, 2.5167, 2.5333, 2.55, 2.5667, 2.5833, 2.6, 2.6167, 2.6333, 2.65, 2.6667, 2.6833, 2.7, 2.7167, 2.7333, 2.75, 2.7667, 2.7833, 2.8, 2.8167, 2.8333, 2.85, 2.8667, 2.8833, 2.9, 2.9167, 2.9333, 2.95, 2.9667, 2.9833, 3.0],
            "transform": [
                [0.75496, -0.605621, -0.251515, 0.600538, -0.495493, -0.275578, -0.823737, -0.176251, 0.429561, 0.746512, -0.508131, 0.76321, 0.0, 0.0, 0.0, 1.0],
                [0.75496, -0.605621, -0.251515, 0.600538, -0.495492, -0.275575, -0.823739, -0.176252, 0.429562, 0.746513, -0.508129, 0.763207, 0.0, 0.0, 0.0, 1.0],
                [0.75496, -0.605621, -0.251515, 0.600538, -0.495489, -0.275569, -0.823743, -0.176254, 0.429566, 0.746516, -0.508122, 0.763198, 0.0, 0.0, 0.0, 1.0],
                [0.75496, -0.605621, -0.251515, 0.600538, -0.495483, -0.275558, -0.82375, -0.176257, 0.429574, 0.746519, -0.50811, 0.763185, 0.0, 0.0, 0.0, 1.0],
                [0.75496, -0.605621, -0.251515, 0.600538, -0.495474, -0.275544, -0.82376, -0.176261, 0.429583, 0.746525, -0.508094, 0.763166, 0.0, 0.0, 0.0, 1.0],
                [0.75496, -0.605621, -0.251515, 0.600538, -0.495463, -0.275525, -0.823773, -0.176266, 0.429595, 0.746532, -0.508073, 0.763142, 0.0, 0.0, 0.0, 1.0],
                [0.75496, -0.605621, -0.251515, 0.600538, -0.495451, -0.275503, -0.823788, -0.176272, 0.42961, 0.74654, -0.508049, 0.763112, 0.0, 0.0, 0.0, 1.0],
                [0.75496, -0.605621, -0.251515, 0.600538, -0.495436, -0.275477, -0.823806, -0.176279, 0.429628, 0.746549, -0.50802, 0.763078, 0.0, 0.0, 0.0, 1.0],
                [0.75496, -0.605621, -0.251515, 0.600538, -0.495419, -0.275447, -0.823826, -0.176287, 0.429647, 0.746561, -0.507987, 0.763039, 0.0, 0.0, 0.0, 1.0],
                [0.75496, -0.605621, -0.251515, 0.600538, -0.495399, -0.275414, -0.823849, -0.176296, 0.42967, 0.746573, -0.50795, 0.762996, 0.0, 0.0, 0.0, 1.0],
                [0.754959, -0.605621, -0.251515, 0.600538, -0.495378, -0.275377, -0.823874, -0.176307, 0.429694, 0.746586, -0.50791, 0.762948, 0.0, 0.0, 0.0, 1.0],
                [0.75496, -0.605621, -0.251515, 0.600538, -0.495355, -0.275337, -0.823901, -0.176318, 0.429721, 0.746601, -0.507865, 0.762895, 0.0, 0.0, 0.0, 1.0],
                [0.75496, -0.605621, -0.251515, 0.600538, -0.49533, -0.275293, -0.823931, -0.17633, 0.429749, 0.746617, -0.507817, 0.762839, 0.0, 0.0, 0.0, 1.0],
                [0.75496, -0.605621, -0.251515, 0.600538, -0.495303, -0.275247, -0.823963, -0.176342, 0.42978, 0.746634, -0.507766, 0.762778, 0.0, 0.0, 0.0, 1.0],
                [0.75496, -0.605621, -0.251515, 0.600538, -0.495274, -0.275197, -0.823996, -0.176356, 0.429813, 0.746653, -0.507711, 0.762713, 0.0, 0.0, 0.0, 1.0],
                [0.75496, -0.605621, -0.251515, 0.600538, -0.495244, -0.275144, -0.824032, -0.176371, 0.429848, 0.746672, -0.507653, 0.762644, 0.0, 0.0, 0.0, 1.0],
                [0.75496, -0.605621, -0.251515, 0.600538, -0.495212, -0.275089, -0.82407, -0.176386, 0.429885, 0.746693, -0.507592, 0.762572, 0.0, 0.0, 0.0, 1.0],
                [0.75496, -0.605621, -0.251515, 0.600538, -0.495179, -0.27503, -0.824109, -0.176402, 0.429924, 0.746714, -0.507527, 0.762495, 0.0, 0.0, 0.0, 1.0],
                [0.75496, -0.605621, -0.251515, 0.600538, -0.495143, -0.274969, -0.824151, -0.176419, 0.429964, 0.746737, -0.50746, 0.762416, 0.0, 0.0, 0.0, 1.0],
                [0.75496, -0.605621, -0.251515, 0.600538, -0.495107, -0.274905, -0.824194, -0.176436, 0.430007, 0.74676, -0.507389, 0.762333, 0.0, 0.0, 0.0, 1.0],
                [0.75496, -0.605621, -0.251515, 0.600538, -0.495069, -0.274839, -0.824239, -0.176454, 0.43005, 0.746784, -0.507316, 0.762246, 0.0, 0.0, 0.0, 1.0],
                [0.75496, -0.605621, -0.251515, 0.600538, -0.495029, -0.274771, -0.824286, -0.176473, 0.430096, 0.74681, -0.507241, 0.762157, 0.0, 0.0, 0.0, 1.0],
                [0.75496, -0.605621, -0.251515, 0.600538, -0.494988, -0.2747, -0.824334, -0.176493, 0.430143, 0.746836, -0.507162, 0.762064, 0.0, 0.0, 0.0, 1.0],
                [0.75496, -0.605621, -0.251515, 0.600538, -0.494946, -0.274627, -0.824384, -0.176513, 0.430191, 0.746863, -0.507082, 0.761969, 0.0, 0.0, 0.0, 1.0],
                [0.75496, -0.605621, -0.251515, 0.600538, -0.494903, -0.274551, -0.824435, -0.176533, 0.430241, 0.74689, -0.506999, 0.76187, 0.0, 0.0, 0.0, 1.0],
                [0.75496, -0.605621, -0.251515, 0.600538, -0.494858, -0.274474, -0.824487, -0.176555, 0.430293, 0.746919, -0.506914, 0.76177, 0.0, 0.0, 0.0, 1.0],
                [0.754959, -0.605621, -0.251515, 0.600538, -0.494813, -0.274395, -0.824541, -0.176576, 0.430345, 0.746948, -0.506826, 0.761666, 0.0, 0.0, 0.0, 1.0],
                [0.75496, -0.605621, -0.251515, 0.600538, -0.494766, -0.274314, -0.824596, -0.176599, 0.430399, 0.746978, -0.506737, 0.761561, 0.0, 0.0, 0.0, 1.0],
                [0.75496, -0.605621, -0.251515, 0.600538, -0.494718, -0.274231, -0.824652, -0.176621, 0.430453, 0.747008, -0.506645, 0.761453, 0.0, 0.0, 0.0, 1.0],
                [0.754959, -0.605621, -0.251515, 0.600538, -0.49467, -0.274147, -0.824709, -0.176645, 0.430509, 0.747039, -0.506552, 0.761343, 0.0, 0.0, 0.0, 1.0],
                [0.75496, -0.605621, -0.251515, 0.600538, -0.49462, -0.274061, -0.824768, -0.176668, 0.430566, 0.74707, -0.506457, 0.761231, 0.0, 0.0, 0.0, 1.0],
                [0.75496, -0.605621, -0.251515, 0.600538, -0.49457, -0.273973, -0.824827, -0.176692, 0.430624, 0.747103, -0.50636, 0.761117, 0.0, 0.0, 0.0, 1.0],
                [0.75496, -0.605621, -0.251515, 0.600538, -0.494518, -0.273885, -0.824887, -0.176716, 0.430683, 0.747135, -0.506262, 0.761001, 0.0, 0.0, 0.0, 1.0],
                [0.75496, -0.605621, -0.251515, 0.600538, -0.494467, -0.273795, -0.824948, -0.176741, 0.430742, 0.747168, -0.506163, 0.760884, 0.0, 0.0, 0.0, 1.0],
                [0.75496, -0.605621, -0.251515, 0.600538, -0.494414, -0.273703, -0.82501, -0.176766, 0.430803, 0.747201, -0.506062, 0.760765, 0.0, 0.0, 0.0, 1.0],
                [0.75496, -0.605621, -0.251515, 0.600538, -0.494361, -0.273611, -0.825072, -0.176791, 0.430864, 0.747235, -0.505961, 0.760644, 0.0, 0.0, 0.0, 1.0],
                [0.75496, -0.605621, -0.251515, 0.600538, -0.494307, -0.273518, -0.825135, -0.176817, 0.430926, 0.747269, -0.505858, 0.760523, 0.0, 0.0, 0.0, 1.0],
                [0.75496, -0.605621, -0.251515, 0.600538, -0.494253, -0.273424, -0.825199, -0.176843, 0.430988, 0.747304, -0.505754, 0.7604, 0.0, 0.0, 0.0, 1.0],
                [0.75496, -0.605621, -0.251515, 0.600538, -0.494198, -0.273329, -0.825263, -0.176869, 0.43105, 0.747339, -0.505649, 0.760277, 0.0, 0.0, 0.0, 1.0],
                [0.75496, -0.605621, -0.251515, 0.600538, -0.494143, -0.273233, -0.825328, -0.176895, 0.431114, 0.747374, -0.505543, 0.760152, 0.0, 0.0, 0.0, 1.0],
                [0.75496, -0.605621, -0.251515, 0.600538, -0.494088, -0.273137, -0.825393, -0.176921, 0.431177, 0.747409, -0.505437, 0.760027, 0.0, 0.0, 0.0, 1.0],
                [0.75496, -0.605621, -0.251515, 0.600538, -0.494032, -0.273041, -0.825458, -0.176948, 0.431241, 0.747444, -0.505331, 0.759901, 0.0, 0.0, 0.0, 1.0],
                [0.75496, -0.605621, -0.251515, 0.600538, -0.493976, -0.272944, -0.825524, -0.176974, 0.431305, 0.747479, -0.505224, 0.759775, 0.0, 0.0, 0.0, 1.0],
                [0.75496, -0.605621, -0.251515, 0.600538, -0.49392, -0.272846, -0.825589, -0.177001, 0.431369, 0.747515, -0.505116, 0.759648, 0.0, 0.0, 0.0, 1.0],
                [0.75496, -0.605621, -0.251515, 0.600538, -0.493864, -0.272749, -0.825655, -0.177028, 0.431434, 0.74755, -0.505008, 0.759521, 0.0, 0.0, 0.0, 1.0],
