{
    "animation": [
        {
            "name": "Root",
            "time": [0.0, 0.0167, 0.0333, 0.05, 0.0667, 0.0833, 0.1, 0.1167, 0.1333, 0.15, 0.1667, 0.1833, 0.2, 0.2167, 0.2333, 0.25, 0.2667, 0.2833, 0.3, 0.3167, 0.3333, 0.35, 0.3667, 0.3833, 0.4, 0.4167, 0.4333, 0.45, 0.4667, 0.4833, 0.5, 0.5167, 0.5333, 0.55, 0.5667, 0.5833, 0.6, 0.6167, 0.6333, 0.65, 0.6667, 0.6833, 0.7, 0.7167, 0.7333, 0.75, 0.7667, 0.7833, 0.8, 0.8167, 0.8333, 0.85, 0.8667, 0.8833, 0.9, 0.9167, 0.9333, 0.95, 0.9667, 0.9833, 1.0, 1.0167, 1.0333, 1.05, 1.0667, 1.0833, 1.1, 1.1167, 1.1333, 1.15, 1.1667, 1.1833, 1.2, 1.2167, 1.2333, 1.25, 1.2667, 1.2833, 1.3, 1.3167, 1.3333, 1.35, 1.3667, 1.3833, 1.4, 1.4167, 1.4333, 1.45, 1.4667, 1.4833, 1.5, 1.5167, 1.5333, 1.55, 1.5667, 1.5833, 1.6, 1.6167, 1.6333, 1.65, 1.6667, 1.6833, 1.7, 1.7167, 1.7333, 1.75, 1.7667, 1.7833, 1.8, 1.8167, 1.8333, 1.85, 1.8667, 1.8833, 1.9, 1.9167, 1.9333, 1.95, 1.9667, 1.9833, 2.0, 2.0167, 2.0333, 2.05, 2.0667, 2.0833, 2.1, 2.1167],
            "transform": [
                [0.997291, 0.034347, 0.065041, -0.016475, 0.061192, 0.103202, -0.992776, 0.042237, -0.040811, 0.994067, 0.100821, 0.723615, 0.0, 0.0, 0.0, 1.0],
                [0.997292, 0.034341, 0.065039, -0.016473, 0.06119, 0.103214, -0.992775, 0.042237, -0.040806, 0.994066, 0.100833, 0.723617, 0.0, 0.0, 0.0, 1.0],
                [0.997293, 0.034325, 0.065031, -0.016466, 0.061183, 0.103249, -0.992772, 0.042238, -0.040791, 0.994063, 0.10087, 0.723626, 0.0, 0.0, 0.0, 1.0],
                [0.997294, 0.034296, 0.065019, -0.016455, 0.061172, 0.103309, -0.992766, 0.042238, -0.040765, 0.994058, 0.100932, 0.723639, 0.0, 0.0, 0.0, 1.0],
                [0.997297, 0.034252, 0.065003, -0.016439, 0.061156, 0.103394, -0.992759, 0.042239, -0.040725, 0.994051, 0.10102, 0.723659, 0.0, 0.0, 0.0, 1.0],
                [0.997301, 0.034193, 0.064981, -0.01642, 0.061136, 0.103503, -0.992748, 0.04224, -0.040671, 0.994041, 0.101133, 0.723683, 0.0, 0.0, 0.0, 1.0],
                [0.997305, 0.034118, 0.064954, -0.016396, 0.061111, 0.103638, -0.992736, 0.042241, -0.040602, 0.99403, 0.101274, 0.723712, 0.0, 0.0, 0.0, 1.0],
                [0.99731, 0.034024, 0.064923, -0.016367, 0.061083, 0.103798, -0.992721, 0.042242, -0.040515, 0.994016, 0.101441, 0.723747, 0.0, 0.0, 0.0, 1.0],
                [0.997316, 0.033911, 0.064887, -0.016335, 0.061051, 0.103985, -0.992703, 0.042243, -0.040411, 0.994001, 0.101635, 0.723787, 0.0, 0.0, 0.0, 1.0],
                [0.997324, 0.033777, 0.064845, -0.016299, 0.061015, 0.104198, -0.992683, 0.042244, -0.040287, 0.993983, 0.101858, 0.723832, 0.0, 0.0, 0.0, 1.0],
                [0.997332, 0.033621, 0.064799, -0.016258, 0.060975, 0.104437, -0.992661, 0.042246, -0.040142, 0.993963, 0.102109, 0.723882, 0.0, 0.0, 0.0, 1.0],
                [0.997341, 0.033441, 0.064748, -0.016213, 0.060932, 0.104704, -0.992635, 0.042248, -0.039974, 0.993941, 0.102388, 0.723937, 0.0, 0.0, 0.0, 1.0],
                [0.997352, 0.033236, 0.064692, -0.016165, 0.060885, 0.104998, -0.992607, 0.04225, -0.039783, 0.993917, 0.102697, 0.723997, 0.0, 0.0, 0.0, 1.0],
                [0.997363, 0.033006, 0.06463, -0.016112, 0.060835, 0.10532, -0.992576, 0.042252, -0.039567, 0.99389, 0.103035, 0.724062, 0.0, 0.0, 0.0, 1.0],
                [0.997376, 0.032747, 0.064564, -0.016056, 0.060781, 0.105671, -0.992542, 0.042254, -0.039325, 0.993862, 0.103403, 0.724132, 0.0, 0.0, 0.0, 1.0],
                [0.99739, 0.032459, 0.064492, -0.015995, 0.060725, 0.106049, -0.992505, 0.042257, -0.039056, 0.993831, 0.103802, 0.724206, 0.0, 0.0, 0.0, 1.0],
                [0.997405, 0.032142, 0.064416, -0.015931, 0.060666, 0.106457, -0.992465, 0.042259, -0.038757, 0.993798, 0.104231, 0.724285, 0.0, 0.0, 0.0, 1.0],
                [0.997422, 0.031792, 0.064334, -0.015863, 0.060604, 0.106894, -0.992422, 0.042262, -0.038428, 0.993762, 0.104692, 0.724368, 0.0, 0.0, 0.0, 1.0],
                [0.99744, 0.03141, 0.064246, -0.015792, 0.060539, 0.107361, -0.992375, 0.042265, -0.038068, 0.993724, 0.105184, 0.724457, 0.0, 0.0, 0.0, 1.0],
                [0.997459, 0.030993, 0.064154, -0.015717, 0.060472, 0.107857, -0.992325, 0.042268, -0.037674, 0.993683, 0.105709, 0.724549, 0.0, 0.0, 0.0, 1.0],
                [0.997479, 0.03054, 0.064056, -0.015638, 0.060403, 0.108384, -0.992272, 0.042271, -0.037247, 0.99364, 0.106266, 0.724646, 0.0, 0.0, 0.0, 1.0],
                [0.9975, 0.03005, 0.063952, -0.015556, 0.060331, 0.108942, -0.992216, 0.042274, -0.036783, 0.993594, 0.106857, 0.724748, 0.0, 0.0, 0.0, 1.0],
                [0.997523, 0.029522, 0.063843, -0.01547, 0.060258, 0.109531, -0.992155, 0.042278, -0.036283, 0.993545, 0.107481, 0.724854, 0.0, 0.0, 0.0, 1.0],
                [0.997547, 0.028954, 0.063728, -0.01538, 0.060182, 0.110151, -0.992091, 0.042281, -0.035745, 0.993493, 0.108138, 0.724964, 0.0, 0.0, 0.0, 1.0],
                [0.997572, 0.028345, 0.063607, -0.015288, 0.060105, 0.110803, -0.992023, 0.042285, -0.035167, 0.993438, 0.108831, 0.725078, 0.0, 0.0, 0.0, 1.0],
                [0.997599, 0.027693, 0.063481, -0.015192, 0.060027, 0.111487, -0.991951, 0.042289, -0.034548, 0.99338, 0.109557, 0.725197, 0.0, 0.0, 0.0, 1.0],
                [0.997626, 0.026998, 0.063349, -0.015092, 0.059947, 0.112204, -0.991875, 0.042293, -0.033886, 0.993318, 0.110319, 0.725319, 0.0, 0.0, 0.0, 1.0],
                [0.997655, 0.026257, 0.06321, -0.014989, 0.059866, 0.112954, -0.991795, 0.042297, -0.033182, 0.993253, 0.111117, 0.725446, 0.0, 0.0, 0.0, 1.0],
                [0.997684, 0.02547, 0.063066, -0.014883, 0.059784, 0.113737, -0.991711, 0.042301, -0.032432, 0.993184, 0.111951, 0.725576, 0.0, 0.0, 0.0, 1.0],
                [0.997715, 0.024635, 0.062915, -0.014774, 0.059702, 0.114553, -0.991621, 0.042306, -0.031636, 0.993112, 0.112821, 0.725711, 0.0, 0.0, 0.0, 1.0],
                [0.997746, 0.023754, 0.062758, -0.014662, 0.059619, 0.1154, -0.991528, 0.04231, -0.030795, 0.993035, 0.113724, 0.725849, 0.0, 0.0, 0.0, 1.0],
                [0.997777, 0.022842, 0.062597, -0.014549, 0.059538, 0.116261, -0.991433, 0.042315, -0.029924, 0.992956, 0.114643, 0.725989, 0.0, 0.0, 0.0, 1.0],
                [0.997808, 0.021918, 0.062435, -0.014436, 0.059458, 0.117114, -0.991337, 0.042319, -0.02904, 0.992877, 0.115554, 0.726128, 0.0, 0.0, 0.0, 1.0],
                [0.997838, 0.020997, 0.062275, -0.014325, 0.059381, 0.117943, -0.991243, 0.042324, -0.028158, 0.992798, 0.116442, 0.726265, 0.0, 0.0, 0.0, 1.0],
                [0.997867, 0.020083, 0.062116, -0.014215, 0.059309, 0.118746, -0.991152, 0.042328, -0.027282, 0.992722, 0.117301, 0.7264, 0.0, 0.0, 0.0, 1.0],
                [0.997894, 0.019179, 0.06196, -0.014109, 0.059239, 0.119521, -0.991063, 0.042332, -0.026413, 0.992646, 0.118133, 0.726531, 0.0, 0.0, 0.0, 1.0],
                [0.997921, 0.018284, 0.061807, -0.014004, 0.059173, 0.120269, -0.990976, 0.042336, -0.025553, 0.992573, 0.118937, 0.72666, 0.0, 0.0, 0.0, 1.0],
                [0.997946, 0.017402, 0.061656, -0.013902, 0.05911, 0.12099, -0.990892, 0.04234, -0.024703, 0.992501, 0.119713, 0.726786, 0.0, 0.0, 0.0, 1.0],
                [0.99797, 0.016533, 0.061508, -0.013803, 0.059051, 0.121684, -0.990811, 0.042344, -0.023865, 0.992431, 0.120461, 0.726908, 0.0, 0.0, 0.0, 1.0],
                [0.997992, 0.015678, 0.061363, -0.013706, 0.058995, 0.122352, -0.990732, 0.042348, -0.02304, 0.992363, 0.121181, 0.727028, 0.0, 0.0, 0.0, 1.0],
                [0.998014, 0.014839, 0.061221, -0.013612, 0.058941, 0.122993, -0.990656, 0.042352, -0.02223, 0.992297, 0.121874, 0.727144, 0.0, 0.0, 0.0, 1.0],
                [0.998034, 0.014018, 0.061083, -0.01352, 0.058891, 0.123606, -0.990582, 0.042356, -0.021436, 0.992232, 0.122538, 0.727256, 0.0, 0.0, 0.0, 1.0],
                [0.998053, 0.013216, 0.060949, -0.013432, 0.058844, 0.124194, -0.990512, 0.042359, -0.02066, 0.99217, 0.123174, 0.727365, 0.0, 0.0, 0.0, 1.0],
                [0.998071, 0.012434, 0.060819, -0.013346, 0.0588, 0.124755, -0.990444, 0.042363, -0.019903, 0.99211, 0.123783, 0.727471, 0.0, 0.0, 0.0, 1.0],
                [0.998088, 0.011674, 0.060692, -0.013264, 0.058758, 0.125289, -0.990379, 0.042366, -0.019166, 0.992052, 0.124363, 0.727572, 0.0, 0.0, 0.0, 1.0],
                [0.998104, 0.010937, 0.06057, -0.013185, 0.058719, 0.125796, -0.990317, 0.042369, -0.018451, 0.991996, 0.124916, 0.72767, 0.0, 0.0, 0.0, 1.0],
                [0.998119, 0.010225, 0.060453, -0.013109, 0.058683, 0.126277, -0.990258, 0.042372, -0.017759, 0.991942, 0.12544, 0.727763, 0.0, 0.0, 0.0, 1.0],
                [0.998132, 0.009539, 0.06034, -0.013036, 0.058649, 0.126732, -0.990202, 0.042375, -0.017092, 0.991891, 0.125936, 0.727853, 0.0, 0.0, 0.0, 1.0],
                [0.998145, 0.00888, 0.060232, -0.012967, 0.058618, 0.12716, -0.990148, 0.042378, -0.016451, 0.991842, 0.126404, 0.727938, 0.0, 0.0, 0.0, 1.0],
                [0.998157, 0.00825, 0.060129, -0.012901, 0.058589, 0.127562, -0.990098, 0.042381, -0.015838, 0.991796, 0.126844, 0.728019, 0.0, 0.0, 0.0, 1.0],
                [0.998167, 0.00765, 0.060032, -0.012839, 0.058563, 0.127938, -0.990052, 0.042383, -0.015254, 0.991753, 0.127255, 0.728096, 0.0, 0.0, 0.0, 1.0],
                [0.998177, 0.007082, 0.059939, -0.012781, 0.058539, 0.128287, -0.990008, 0.042385, -0.014701, 0.991712, 0.127639, 0.728168, 0.0, 0.0, 0.0, 1.0],
                [0.998186, 0.006547, 0.059853, -0.012726, 0.058517, 0.128611, -0.989967, 0.042388, -0.01418, 0.991673, 0.127994, 0.728235, 0.0, 0.0, 0.0, 1.0],
                [0.998194, 0.006047, 0.059773, -0.012675, 0.058497, 0.128908, -0.98993, 0.04239, -0.013692, 0.991638, 0.128321, 0.728298, 0.0, 0.0, 0.0, 1.0],
                [0.998201, 0.005583, 0.059698, -0.012628, 0.058479, 0.129179, -0.989895, 0.042392, -0.013238, 0.991606, 0.12862, 0.728356, 0.0, 0.0, 0.0, 1.0],
                [0.998207, 0.005156, 0.05963, -0.012585, 0.058463, 0.129424, -0.989864, 0.042393, -0.012822, 0.991576, 0.12889, 0.728409, 0.0, 0.0, 0.0, 1.0],
                [0.998213, 0.004769, 0.059568, -0.012547, 0.058449, 0.129643, -0.989837, 0.042395, -0.012443, 0.991549, 0.129132, 0.728456, 0.0, 0.0, 0.0, 1.0],
                [0.998218, 0.004421, 0.059513, -0.012512, 0.058437, 0.129836, -0.989812, 0.042396, -0.012103, 0.991526, 0.129346, 0.728499, 0.0, 0.0, 0.0, 1.0],
                [0.998222, 0.004115, 0.059465, -0.012482, 0.058426, 0.130003, -0.989791, 0.042397, -0.011804, 0.991505, 0.129531, 0.728536, 0.0, 0.0, 0.0, 1.0],
                [0.998225, 0.003852, 0.059423, -0.012456, 0.058418, 0.130144, -0.989773, 0.042398, -0.011547, 0.991488, 0.129688, 0.728568, 0.0, 0.0, 0.0, 1.0],
                [0.998228, 0.003634, 0.059389, -0.012435, 0.058411, 0.13026, -0.989758, 0.042399, -0.011333, 0.991473, 0.129817, 0.728594, 0.0, 0.0, 0.0, 1.0],
                [0.998231, 0.003462, 0.059362, -0.012418, 0.058406, 0.13035, -0.989746, 0.0424, -0.011164, 0.991462, 0.129917, 0.728615, 0.0, 0.0, 0.0, 1.0],
                [0.998232, 0.003337, 0.059343, -0.012406, 0.058402, 0.130414, -0.989738, 0.0424, -0.011042, 0.991454, 0.129988, 0.728629, 0.0, 0.0, 0.0, 1.0],
                [0.998233, 0.003261, 0.059331, -0.012399, 0.0584, 0.130452, -0.989733, 0.042401, -0.010968, 0.991449, 0.130031, 0.728638, 0.0, 0.0, 0.0, 1.0],
                [0.998233, 0.003236, 0.059327, -0.012397, 0.058399, 0.130465, -0.989732, 0.042401, -0.010943, 0.991448, 0.130045, 0.728641, 0.0, 0.0, 0.0, 1.0],
                [0.998233, 0.003247, 0.05933, -0.0124, 0.0584, 0.13044, -0.989735, 0.042401, -0.010953, 0.991451, 0.130019, 0.728637, 0.0, 0.0, 0.0, 1.0],
                [0.998233, 0.003283, 0.059338, -0.012411, 0.058405, 0.130365, -0.989744, 0.0424, -0.010985, 0.991461, 0.129943, 0.728623, 0.0, 0.0, 0.0, 1.0],
                [0.998232, 0.003341, 0.059352, -0.01243, 0.058413, 0.130244, -0.98976, 0.0424, -0.011037, 0.991476, 0.129819, 0.728601, 0.0, 0.0, 0.0, 1.0],
                [0.99823, 0.003422, 0.059371, -0.012454, 0.058423, 0.130078, -0.989781, 0.042399, -0.01111, 0.991498, 0.129648, 0.72857, 0.0, 0.0, 0.0, 1.0],
                [0.998228, 0.003525, 0.059396, -0.012485, 0.058436, 0.12987, -0.989808, 0.042397, -0.011203, 0.991525, 0.129434, 0.728532, 0.0, 0.0, 0.0, 1.0],
                [0.998226, 0.003651, 0.059425, -0.012522, 0.058452, 0.129622, -0.989839, 0.042396, -0.011317, 0.991557, 0.129179, 0.728486, 0.0, 0.0, 0.0, 1.0],
                [0.998223, 0.003799, 0.05946, -0.012565, 0.05847, 0.129336, -0.989875, 0.042394, -0.01145, 0.991594, 0.128884, 0.728433, 0.0, 0.0, 0.0, 1.0],
                [0.998221, 0.003968, 0.059499, -0.012613, 0.058491, 0.129014, -0.989916, 0.042392, -0.011604, 0.991635, 0.128552, 0.728374, 0.0, 0.0, 0.0, 1.0],
                [0.998217, 0.004158, 0.059543, -0.012666, 0.058514, 0.128659, -0.989961, 0.04239, -0.011777, 0.99168, 0.128186, 0.728309, 0.0, 0.0, 0.0, 1.0],
                [0.998213, 0.00437, 0.059591, -0.012724, 0.05854, 0.128272, -0.99001, 0.042388, -0.01197, 0.991729, 0.127787, 0.728238, 0.0, 0.0, 0.0, 1.0],
                [0.998209, 0.004602, 0.059643, -0.012786, 0.058567, 0.127857, -0.990062, 0.042385, -0.012182, 0.991782, 0.127358, 0.728161, 0.0, 0.0, 0.0, 1.0],
                [0.998204, 0.004854, 0.0597, -0.012852, 0.058597, 0.127414, -0.990117, 0.042383, -0.012413, 0.991838, 0.126901, 0.72808, 0.0, 0.0, 0.0, 1.0],
                [0.9982, 0.005127, 0.059761, -0.012922, 0.058628, 0.126947, -0.990175, 0.04238, -0.012663, 0.991896, 0.126418, 0.727994, 0.0, 0.0, 0.0, 1.0],
                [0.998194, 0.005419, 0.059825, -0.012995, 0.058662, 0.126458, -0.990236, 0.042377, -0.012932, 0.991957, 0.125912, 0.727904, 0.0, 0.0, 0.0, 1.0],
                [0.998188, 0.005732, 0.059893, -0.013071, 0.058697, 0.125949, -0.990299, 0.042374, -0.013219, 0.99202, 0.125384, 0.72781, 0.0, 0.0, 0.0, 1.0],
                [0.998182, 0.006063, 0.059965, -0.01315, 0.058734, 0.125421, -0.990363, 0.042371, -0.013525, 0.992085, 0.124837, 0.727713, 0.0, 0.0, 0.0, 1.0],
                [0.998175, 0.006413, 0.06004, -0.013231, 0.058772, 0.124878, -0.99043, 0.042367, -0.013849, 0.992151, 0.124274, 0.727613, 0.0, 0.0, 0.0, 1.0],
                [0.998168, 0.006782, 0.060119, -0.013314, 0.058812, 0.124322, -0.990497, 0.042364, -0.014191, 0.992219, 0.123696, 0.72751, 0.0, 0.0, 0.0, 1.0],
                [0.998161, 0.007169, 0.0602, -0.013399, 0.058853, 0.123755, -0.990566, 0.042361, -0.014551, 0.992287, 0.123105, 0.727406, 0.0, 0.0, 0.0, 1.0],
                [0.998152, 0.007574, 0.060285, -0.013485, 0.058896, 0.123178, -0.990635, 0.042357, -0.014929, 0.992356, 0.122505, 0.7273, 0.0, 0.0, 0.0, 1.0],
                [0.998144, 0.007997, 0.060372, -0.013572, 0.05894, 0.122595, -0.990705, 0.042354, -0.015324, 0.992425, 0.121896, 0.727192, 0.0, 0.0, 0.0, 1.0],
                [0.998135, 0.008437, 0.060462, -0.01366, 0.058985, 0.122007, -0.990775, 0.04235, -0.015736, 0.992493, 0.121282, 0.727084, 0.0, 0.0, 0.0, 1.0],
                [0.998125, 0.008895, 0.060554, -0.013748, 0.059031, 0.121417, -0.990845, 0.042347, -0.016166, 0.992562, 0.120665, 0.726976, 0.0, 0.0, 0.0, 1.0],
                [0.998115, 0.009369, 0.060649, -0.013836, 0.059078, 0.120827, -0.990914, 0.042343, -0.016612, 0.992629, 0.120046, 0.726867, 0.0, 0.0, 0.0, 1.0],
                [0.998104, 0.00986, 0.060746, -0.013924, 0.059125, 0.12024, -0.990983, 0.04234, -0.017075, 0.992696, 0.119429, 0.726759, 0.0, 0.0, 0.0, 1.0],
                [0.998093, 0.010367, 0.060846, -0.014011, 0.059173, 0.119656, -0.99105, 0.042336, -0.017555, 0.992761, 0.118815, 0.726651, 0.0, 0.0, 0.0, 1.0],
                [0.998082, 0.01089, 0.060947, -0.014097, 0.059222, 0.11908, -0.991117, 0.042333, -0.018051, 0.992825, 0.118206, 0.726545, 0.0, 0.0, 0.0, 1.0],
                [0.998069, 0.01143, 0.06105, -0.014182, 0.059272, 0.118511, -0.991182, 0.042329, -0.018565, 0.992887, 0.117604, 0.72644, 0.0, 0.0, 0.0, 1.0],
                [0.998056, 0.011993, 0.061157, -0.014267, 0.059322, 0.117946, -0.991246, 0.042326, -0.019101, 0.992947, 0.117006, 0.726337, 0.0, 0.0, 0.0, 1.0],
                [0.998042, 0.012584, 0.061267, -0.014351, 0.059374, 0.117382, -0.99131, 0.042323, -0.019667, 0.993007, 0.116405, 0.726233, 0.0, 0.0, 0.0, 1.0],
                [0.998027, 0.013212, 0.061384, -0.014436, 0.059428, 0.116814, -0.991374, 0.042319, -0.020268, 0.993066, 0.115799, 0.726128, 0.0, 0.0, 0.0, 1.0],
                [0.99801, 0.01388, 0.061507, -0.014522, 0.059486, 0.116239, -0.991438, 0.042316, -0.020911, 0.993124, 0.115182, 0.726022, 0.0, 0.0, 0.0, 1.0],
                [0.997992, 0.014588, 0.061637, -0.014609, 0.059545, 0.115657, -0.991503, 0.042312, -0.021593, 0.993182, 0.114556, 0.725915, 0.0, 0.0, 0.0, 1.0],
                [0.997973, 0.01533, 0.061772, -0.014697, 0.059608, 0.11507, -0.991567, 0.042309, -0.022309, 0.993239, 0.113923, 0.725807, 0.0, 0.0, 0.0, 1.0],
                [0.997952, 0.016104, 0.061911, -0.014785, 0.059672, 0.114479, -0.991632, 0.042305, -0.023057, 0.993295, 0.113284, 0.725698, 0.0, 0.0, 0.0, 1.0],
                [0.99793, 0.016904, 0.062055, -0.014874, 0.059738, 0.113886, -0.991696, 0.042302, -0.023831, 0.99335, 0.112641, 0.725588, 0.0, 0.0, 0.0, 1.0],
                [0.997906, 0.017728, 0.062202, -0.014962, 0.059807, 0.113294, -0.99176, 0.042298, -0.024629, 0.993403, 0.111996, 0.725479, 0.0, 0.0, 0.0, 1.0],
                [0.997881, 0.018571, 0.062352, -0.015051, 0.059876, 0.112703, -0.991823, 0.042294, -0.025446, 0.993455, 0.111352, 0.72537, 0.0, 0.0, 0.0, 1.0],
                [0.997856, 0.019429, 0.062504, -0.015139, 0.059947, 0.112115, -0.991885, 0.042291, -0.026279, 0.993505, 0.11071, 0.725262, 0.0, 0.0, 0.0, 1.0],
                [0.997829, 0.020298, 0.062657, -0.015226, 0.060019, 0.111531, -0.991947, 0.042287, -0.027123, 0.993554, 0.110071, 0.725154, 0.0, 0.0, 0.0, 1.0],
                [0.997801, 0.021175, 0.06281, -0.015312, 0.060091, 0.110955, -0.992007, 0.042284, -0.027975, 0.9936, 0.109438, 0.725047, 0.0, 0.0, 0.0, 1.0],
                [0.997772, 0.022055, 0.062964, -0.015398, 0.060164, 0.110386, -0.992066, 0.042281, -0.02883, 0.993644, 0.108813, 0.724943, 0.0, 0.0, 0.0, 1.0],
                [0.997743, 0.022935, 0.063116, -0.015481, 0.060236, 0.109827, -0.992124, 0.042277, -0.029686, 0.993686, 0.108197, 0.724839, 0.0, 0.0, 0.0, 1.0],
                [0.997713, 0.02381, 0.063267, -0.015563, 0.060309, 0.109279, -0.99218, 0.042274, -0.030538, 0.993726, 0.107593, 0.724738, 0.0, 0.0, 0.0, 1.0],
                [0.997682, 0.024677, 0.063417, -0.015644, 0.060381, 0.108744, -0.992234, 0.042271, -0.031382, 0.993763, 0.107002, 0.724639, 0.0, 0.0, 0.0, 1.0],
                [0.997651, 0.025531, 0.063563, -0.015722, 0.060452, 0.108224, -0.992287, 0.042268, -0.032214, 0.993799, 0.106427, 0.724543, 0.0, 0.0, 0.0, 1.0],
                [0.99762, 0.02637, 0.063706, -0.015797, 0.060521, 0.10772, -0.992337, 0.042265, -0.03303, 0.993831, 0.105868, 0.72445, 0.0, 0.0, 0.0, 1.0],
                [0.997589, 0.027188, 0.063845, -0.01587, 0.060589, 0.107234, -0.992386, 0.042262, -0.033827, 0.993862, 0.105329, 0.72436, 0.0, 0.0, 0.0, 1.0],
                [0.997559, 0.027982, 0.063979, -0.01594, 0.060656, 0.106768, -0.992432, 0.042259, -0.034601, 0.99389, 0.10481, 0.724274, 0.0, 0.0, 0.0, 1.0],
                [0.997529, 0.028747, 0.064109, -0.016007, 0.06072, 0.106323, -0.992476, 0.042256, -0.035347, 0.993916, 0.104314, 0.724192, 0.0, 0.0, 0.0, 1.0],
                [0.997499, 0.029481, 0.064232, -0.01607, 0.060781, 0.1059, -0.992517, 0.042254, -0.036062, 0.99394, 0.103843, 0.724114, 0.0, 0.0, 0.0, 1.0],
                [0.997471, 0.030178, 0.064349, -0.01613, 0.06084, 0.105502, -0.992556, 0.042251, -0.036743, 0.993961, 0.103399, 0.72404, 0.0, 0.0, 0.0, 1.0],
                [0.997444, 0.030836, 0.064459, -0.016186, 0.060895, 0.10513, -0.992592, 0.042249, -0.037384, 0.99398, 0.102983, 0.723971, 0.0, 0.0, 0.0, 1.0],
                [0.997418, 0.03145, 0.064561, -0.016237, 0.060947, 0.104786, -0.992626, 0.042247, -0.037983, 0.993997, 0.102598, 0.723908, 0.0, 0.0, 0.0, 1.0],
                [0.997394, 0.032016, 0.064656, -0.016284, 0.060995, 0.104471, -0.992656, 0.042245, -0.038535, 0.994013, 0.102246, 0.72385, 0.0, 0.0, 0.0, 1.0],
                [0.997372, 0.03253, 0.064741, -0.016327, 0.061039, 0.104187, -0.992683, 0.042243, -0.039037, 0.994026, 0.101927, 0.723797, 0.0, 0.0, 0.0, 1.0],
                [0.997352, 0.032988, 0.064817, -0.016365, 0.061077, 0.103935, -0.992707, 0.042242, -0.039484, 0.994037, 0.101645, 0.72375, 0.0, 0.0, 0.0, 1.0],
                [0.997334, 0.033387, 0.064883, -0.016397, 0.061111, 0.103718, -0.992728, 0.04224, -0.039874, 0.994046, 0.101401, 0.72371, 0.0, 0.0, 0.0, 1.0],
                [0.997319, 0.033722, 0.064938, -0.016425, 0.061139, 0.103536, -0.992745, 0.042239, -0.040201, 0.994054, 0.101197, 0.723677, 0.0, 0.0, 0.0, 1.0],
                [0.997307, 0.033989, 0.064982, -0.016446, 0.061162, 0.103392, -0.992758, 0.042238, -0.040462, 0.99406, 0.101035, 0.72365, 0.0, 0.0, 0.0, 1.0],
                [0.997299, 0.034185, 0.065014, -0.016462, 0.061179, 0.103288, -0.992768, 0.042238, -0.040653, 0.994064, 0.100917, 0.723631, 0.0, 0.0, 0.0, 1.0],
                [0.997293, 0.034306, 0.065034, -0.016472, 0.061189, 0.103224, -0.992774, 0.042237, -0.040771, 0.994066, 0.100845, 0.723619, 0.0, 0.0, 0.0, 1.0],
                [0.997291, 0.034347, 0.065041, -0.016475, 0.061192, 0.103202, -0.992776, 0.042237, -0.040811, 0.994067, 0.100821, 0.723615, 0.0, 0.0, 0.0, 1.0]
            ]
        },
        {
            "name": "Thigh_R",
            "time": [0.0, 0.0167, 0.0333, 0.05, 0.0667, 0.0833, 0.1, 0.1167, 0.1333, 0.15, 0.1667, 0.1833, 0.2, 0.2167, 0.2333, 0.25, 0.2667, 0.2833, 0.3, 0.3167, 0.3333, 0.35, 0.3667, 0.3833, 0.4, 0.4167, 0.4333, 0.45, 0.4667, 0.4833, 0.5, 0.5167, 0.5333, 0.55, 0.5667, 0.5833, 0.6, 0.6167, 0.6333, 0.65, 0.6667, 0.6833, 0.7, 0.7167, 0.7333, 0.75, 0.7667, 0.7833, 0.8, 0.8167, 0.8333, 0.85, 0.8667, 0.8833, 0.9, 0.9167, 0.9333, 0.95, 0.9667, 0.9833, 1.0, 1.0167, 1.0333, 1.05, 1.0667, 1.0833, 1.1, 1.1167, 1.1333, 1.15, 1.1667, 1.1833, 1.2, 1.2167, 1.2333, 1.25, 1.2667, 1.2833, 1.3, 1.3167, 1.3333, 1.35, 1.3667, 1.3833, 1.4, 1.4167, 1.4333, 1.45, 1.4667, 1.4833, 1.5, 1.5167, 1.5333, 1.55, 1.5667, 1.5833, 1.6, 1.6167, 1.6333, 1.65, 1.6667, 1.6833, 1.7, 1.7167, 1.7333, 1.75, 1.7667, 1.7833, 1.8, 1.8167, 1.8333, 1.85, 1.8667, 1.8833, 1.9, 1.9167, 1.9333, 1.95, 1.9667, 1.9833, 2.0, 2.0167, 2.0333, 2.05, 2.0667, 2.0833, 2.1, 2.1167],
            "transform": [
                [0.937802, 0.225603, 0.263874, 0.124994, 0.204359, -0.973167, 0.105738, -0.002831, 0.280648, -0.045236, -0.958744, -1.2e-05, 0.0, 0.0, 0.0, 1.0],
                [0.937804, 0.225592, 0.263875, 0.124994, 0.204348, -0.97317, 0.105736, -0.002831, 0.280648, -0.045237, -0.958744, -1.2e-05, 0.0, 0.0, 0.0, 1.0],
                [0.937813, 0.225554, 0.263878, 0.124994, 0.204312, -0.973179, 0.105723, -0.002831, 0.280647, -0.045235, -0.958745, -1.2e-05, 0.0, 0.0, 0.0, 1.0],
                [0.937826, 0.225489, 0.263884, 0.124994, 0.204251, -0.973194, 0.105701, -0.00283, 0.280645, -0.045231, -0.958745, -1.2e-05, 0.0, 0.0, 0.0, 1.0],
                [0.937846, 0.225396, 0.263892, 0.124994, 0.204163, -0.973216, 0.105671, -0.002831, 0.280642, -0.045226, -0.958746, -1.2e-05, 0.0, 0.0, 0.0, 1.0],
                [0.937873, 0.225274, 0.263903, 0.124994, 0.204047, -0.973244, 0.105632, -0.002831, 0.280639, -0.04522, -0.958748, -1.2e-05, 0.0, 0.0, 0.0, 1.0],
                [0.937906, 0.22512, 0.263918, 0.124994, 0.203901, -0.97328, 0.105581, -0.002831, 0.280635, -0.045211, -0.958749, -1.2e-05, 0.0, 0.0, 0.0, 1.0],
                [0.937946, 0.224934, 0.263936, 0.124994, 0.203725, -0.973323, 0.105521, -0.002831, 0.28063, -0.045203, -0.958751, -1.2e-05, 0.0, 0.0, 0.0, 1.0],
                [0.937992, 0.224713, 0.263957, 0.124994, 0.203516, -0.973375, 0.105448, -0.002831, 0.280625, -0.04519, -0.958753, -1.2e-05, 0.0, 0.0, 0.0, 1.0],
                [0.938046, 0.224457, 0.263983, 0.124994, 0.203274, -0.973435, 0.105363, -0.002831, 0.28062, -0.045175, -0.958755, -1.2e-05, 0.0, 0.0, 0.0, 1.0],
                [0.938108, 0.224164, 0.264013, 0.124994, 0.202997, -0.973504, 0.105266, -0.002831, 0.280614, -0.045157, -0.958758, -1.2e-05, 0.0, 0.0, 0.0, 1.0],
                [0.938178, 0.223832, 0.264046, 0.124994, 0.202684, -0.97358, 0.105156, -0.00283, 0.280608, -0.045137, -0.958761, -1.2e-05, 0.0, 0.0, 0.0, 1.0],
                [0.938256, 0.223461, 0.264085, 0.124993, 0.202333, -0.973667, 0.105032, -0.002831, 0.280601, -0.045113, -0.958764, -1.2e-05, 0.0, 0.0, 0.0, 1.0],
                [0.938341, 0.223048, 0.264128, 0.124993, 0.201943, -0.973763, 0.104891, -0.002831, 0.280594, -0.045085, -0.958767, -1.2e-05, 0.0, 0.0, 0.0, 1.0],
                [0.938436, 0.222592, 0.264176, 0.124994, 0.201513, -0.973869, 0.104737, -0.002831, 0.280587, -0.045054, -0.958771, -1.2e-05, 0.0, 0.0, 0.0, 1.0],
                [0.93854, 0.222092, 0.26423, 0.124994, 0.201041, -0.973984, 0.104566, -0.002831, 0.280579, -0.045018, -0.958775, -1.2e-05, 0.0, 0.0, 0.0, 1.0],
                [0.938652, 0.221545, 0.264289, 0.124994, 0.200526, -0.974111, 0.104378, -0.002831, 0.280571, -0.044978, -0.958779, -1.2e-05, 0.0, 0.0, 0.0, 1.0],
                [0.938774, 0.220951, 0.264354, 0.124993, 0.199967, -0.974248, 0.104172, -0.002831, 0.280563, -0.044932, -0.958783, -1.2e-05, 0.0, 0.0, 0.0, 1.0],
                [0.938905, 0.220308, 0.264425, 0.124994, 0.199362, -0.974396, 0.103946, -0.002831, 0.280554, -0.044879, -0.958788, -1.2e-05, 0.0, 0.0, 0.0, 1.0],
                [0.939046, 0.219615, 0.264501, 0.124994, 0.19871, -0.974555, 0.103702, -0.002831, 0.280545, -0.044822, -0.958793, -1.2e-05, 0.0, 0.0, 0.0, 1.0],
                [0.939197, 0.218869, 0.264584, 0.124994, 0.19801, -0.974725, 0.103438, -0.00283, 0.280536, -0.044758, -0.958799, -1.2e-05, 0.0, 0.0, 0.0, 1.0],
                [0.939357, 0.21807, 0.264673, 0.124994, 0.19726, -0.974908, 0.103152, -0.002831, 0.280527, -0.044687, -0.958806, -1.2e-05, 0.0, 0.0, 0.0, 1.0],
                [0.939528, 0.217215, 0.26477, 0.124994, 0.196458, -0.975103, 0.102842, -0.002831, 0.280516, -0.044606, -0.958812, -1.2e-05, 0.0, 0.0, 0.0, 1.0],
                [0.939709, 0.216304, 0.264873, 0.124994, 0.195605, -0.975309, 0.102509, -0.002831, 0.280506, -0.044518, -0.95882, -1.2e-05, 0.0, 0.0, 0.0, 1.0],
                [0.939901, 0.215334, 0.264982, 0.124994, 0.194697, -0.975529, 0.102151, -0.002831, 0.280495, -0.044421, -0.958827, -1.2e-05, 0.0, 0.0, 0.0, 1.0],
                [0.940103, 0.214304, 0.265099, 0.124994, 0.193735, -0.975759, 0.101768, -0.002831, 0.280483, -0.044313, -0.958835, -1.2e-05, 0.0, 0.0, 0.0, 1.0],
                [0.940317, 0.213212, 0.265224, 0.124994, 0.192716, -0.976004, 0.101357, -0.002831, 0.28047, -0.044195, -0.958845, -1.2e-05, 0.0, 0.0, 0.0, 1.0],
                [0.940541, 0.212057, 0.265355, 0.124994, 0.191639, -0.976262, 0.100918, -0.00283, 0.280457, -0.044065, -0.958854, -1.2e-05, 0.0, 0.0, 0.0, 1.0],
                [0.940776, 0.210836, 0.265495, 0.124994, 0.190503, -0.976533, 0.100449, -0.00283, 0.280443, -0.043922, -0.958866, -1.2e-05, 0.0, 0.0, 0.0, 1.0],
                [0.941022, 0.209549, 0.265642, 0.124994, 0.189306, -0.976817, 0.099948, -0.002831, 0.280428, -0.043766, -0.958877, -1.2e-05, 0.0, 0.0, 0.0, 1.0],
                [0.941278, 0.208198, 0.265796, 0.124994, 0.188052, -0.977113, 0.099416, -0.002831, 0.280411, -0.043595, -0.958889, -1.2e-05, 0.0, 0.0, 0.0, 1.0],
                [0.941541, 0.206804, 0.265955, 0.124994, 0.186761, -0.977418, 0.098853, -0.002831, 0.280393, -0.043404, -0.958904, -1.2e-05, 0.0, 0.0, 0.0, 1.0],
                [0.941804, 0.205393, 0.266116, 0.124994, 0.185461, -0.977724, 0.098268, -0.00283, 0.280372, -0.043195, -0.958919, -1.2e-05, 0.0, 0.0, 0.0, 1.0],
                [0.942064, 0.203988, 0.266276, 0.124994, 0.184172, -0.978029, 0.09766, -0.00283, 0.280348, -0.042961, -0.958937, -1.2e-05, 0.0, 0.0, 0.0, 1.0],
                [0.942319, 0.202594, 0.266435, 0.124994, 0.1829, -0.97833, 0.097035, -0.00283, 0.28032, -0.042707, -0.958956, -1.2e-05, 0.0, 0.0, 0.0, 1.0],
                [0.942571, 0.201214, 0.266592, 0.124994, 0.181647, -0.978626, 0.096397, -0.00283, 0.280291, -0.042435, -0.958977, -1.2e-05, 0.0, 0.0, 0.0, 1.0],
                [0.942817, 0.19985, 0.266748, 0.124994, 0.180414, -0.978918, 0.095745, -0.002831, 0.280259, -0.042145, -0.958999, -1.2e-05, 0.0, 0.0, 0.0, 1.0],
                [0.943058, 0.198504, 0.266901, 0.124994, 0.179203, -0.979205, 0.095081, -0.002831, 0.280225, -0.041837, -0.959022, -1.2e-05, 0.0, 0.0, 0.0, 1.0],
                [0.943294, 0.197178, 0.267051, 0.124994, 0.178015, -0.979487, 0.09441, -0.002831, 0.280189, -0.041517, -0.959046, -1.2e-05, 0.0, 0.0, 0.0, 1.0],
                [0.943523, 0.195873, 0.267199, 0.124994, 0.176853, -0.979762, 0.093732, -0.002831, 0.280152, -0.041183, -0.959072, -1.2e-05, 0.0, 0.0, 0.0, 1.0],
                [0.943748, 0.194594, 0.267344, 0.124994, 0.175716, -0.980032, 0.093051, -0.00283, 0.280113, -0.04084, -0.959098, -1.2e-05, 0.0, 0.0, 0.0, 1.0],
                [0.943965, 0.193341, 0.267485, 0.124994, 0.174608, -0.980295, 0.092368, -0.00283, 0.280073, -0.040487, -0.959125, -1.2e-05, 0.0, 0.0, 0.0, 1.0],
                [0.944176, 0.192116, 0.267623, 0.124994, 0.17353, -0.98055, 0.091685, -0.002831, 0.280032, -0.040126, -0.959152, -1.2e-05, 0.0, 0.0, 0.0, 1.0],
                [0.94438, 0.190922, 0.267758, 0.124994, 0.172482, -0.980798, 0.091004, -0.002831, 0.279991, -0.039758, -0.959179, -1.2e-05, 0.0, 0.0, 0.0, 1.0],
                [0.944577, 0.189761, 0.267888, 0.124994, 0.171468, -0.981038, 0.090332, -0.00283, 0.27995, -0.039391, -0.959206, -1.2e-05, 0.0, 0.0, 0.0, 1.0],
                [0.944767, 0.188635, 0.268014, 0.124994, 0.170488, -0.98127, 0.089665, -0.002831, 0.279908, -0.039019, -0.959234, -1.2e-05, 0.0, 0.0, 0.0, 1.0],
                [0.944949, 0.187547, 0.268135, 0.124994, 0.169543, -0.981493, 0.089009, -0.002831, 0.279866, -0.038648, -0.959261, -1.2e-05, 0.0, 0.0, 0.0, 1.0],
                [0.945123, 0.186498, 0.268252, 0.124994, 0.168636, -0.981708, 0.088366, -0.002831, 0.279825, -0.03828, -0.959288, -1.2e-05, 0.0, 0.0, 0.0, 1.0],
                [0.94529, 0.18549, 0.268363, 0.124994, 0.167768, -0.981913, 0.087739, -0.002831, 0.279784, -0.037916, -0.959314, -1.2e-05, 0.0, 0.0, 0.0, 1.0],
                [0.945448, 0.184527, 0.26847, 0.124994, 0.166941, -0.982108, 0.087131, -0.002831, 0.279744, -0.037559, -0.95934, -1.2e-05, 0.0, 0.0, 0.0, 1.0],
                [0.945598, 0.18361, 0.268571, 0.124994, 0.166156, -0.982293, 0.086542, -0.002831, 0.279705, -0.037209, -0.959365, -1.2e-05, 0.0, 0.0, 0.0, 1.0],
                [0.945739, 0.182741, 0.268666, 0.124994, 0.165414, -0.982468, 0.085977, -0.002831, 0.279668, -0.036871, -0.959389, -1.2e-05, 0.0, 0.0, 0.0, 1.0],
                [0.945872, 0.181923, 0.268756, 0.124994, 0.164717, -0.982632, 0.085438, -0.002831, 0.279632, -0.036545, -0.959412, -1.2e-05, 0.0, 0.0, 0.0, 1.0],
                [0.945995, 0.181157, 0.26884, 0.124994, 0.164068, -0.982785, 0.084926, -0.002831, 0.279597, -0.036231, -0.959433, -1.2e-05, 0.0, 0.0, 0.0, 1.0],
                [0.946108, 0.180447, 0.268918, 0.124994, 0.163466, -0.982926, 0.084448, -0.002831, 0.279565, -0.035938, -0.959454, -1.2e-05, 0.0, 0.0, 0.0, 1.0],
                [0.946212, 0.179794, 0.268989, 0.124994, 0.162915, -0.983056, 0.084005, -0.00283, 0.279535, -0.035664, -0.959473, -1.2e-05, 0.0, 0.0, 0.0, 1.0],
                [0.946306, 0.1792, 0.269054, 0.124994, 0.162415, -0.983174, 0.083594, -0.002831, 0.279507, -0.035408, -0.95949, -1.2e-05, 0.0, 0.0, 0.0, 1.0],
                [0.946391, 0.178668, 0.269112, 0.124994, 0.161968, -0.983279, 0.083224, -0.002831, 0.279482, -0.035175, -0.959506, -1.2e-05, 0.0, 0.0, 0.0, 1.0],
                [0.946464, 0.1782, 0.269163, 0.124994, 0.161575, -0.983372, 0.082896, -0.002831, 0.279459, -0.034968, -0.959521, -1.2e-05, 0.0, 0.0, 0.0, 1.0],
                [0.946527, 0.177798, 0.269207, 0.124994, 0.161239, -0.98345, 0.08261, -0.002831, 0.279439, -0.034787, -0.959533, -1.2e-05, 0.0, 0.0, 0.0, 1.0],
                [0.94658, 0.177465, 0.269243, 0.124994, 0.16096, -0.983516, 0.082373, -0.002831, 0.279423, -0.034636, -0.959543, -1.2e-05, 0.0, 0.0, 0.0, 1.0],
                [0.946621, 0.177202, 0.269271, 0.124994, 0.16074, -0.983568, 0.082184, -0.002831, 0.27941, -0.034515, -0.959551, -1.2e-05, 0.0, 0.0, 0.0, 1.0],
                [0.946651, 0.177011, 0.269292, 0.124994, 0.160582, -0.983605, 0.082047, -0.002831, 0.2794, -0.034426, -0.959558, -1.2e-05, 0.0, 0.0, 0.0, 1.0],
                [0.946669, 0.176895, 0.269305, 0.124994, 0.160485, -0.983628, 0.081962, -0.00283, 0.279394, -0.034372, -0.959561, -1.2e-05, 0.0, 0.0, 0.0, 1.0],
                [0.946675, 0.176856, 0.269309, 0.124994, 0.160453, -0.983635, 0.081934, -0.00283, 0.279393, -0.034354, -0.959562, -1.2e-05, 0.0, 0.0, 0.0, 1.0],
                [0.946671, 0.176882, 0.269305, 0.124994, 0.160476, -0.983631, 0.081946, -0.00283, 0.279392, -0.034359, -0.959562, -1.2e-05, 0.0, 0.0, 0.0, 1.0],
                [0.94666, 0.176958, 0.269295, 0.124994, 0.160546, -0.983616, 0.08198, -0.002831, 0.27939, -0.034373, -0.959563, -1.2e-05, 0.0, 0.0, 0.0, 1.0],
                [0.946641, 0.177084, 0.269277, 0.124994, 0.160662, -0.983593, 0.082037, -0.002831, 0.279386, -0.034397, -0.959563, -1.2e-05, 0.0, 0.0, 0.0, 1.0],
                [0.946616, 0.177258, 0.269253, 0.124994, 0.16082, -0.983561, 0.082113, -0.002831, 0.279382, -0.034428, -0.959563, -1.2e-05, 0.0, 0.0, 0.0, 1.0],
                [0.946583, 0.177478, 0.269222, 0.124994, 0.161021, -0.98352, 0.082212, -0.002831, 0.279377, -0.03447, -0.959563, -1.2e-05, 0.0, 0.0, 0.0, 1.0],
                [0.946543, 0.177743, 0.269186, 0.124994, 0.161264, -0.98347, 0.082331, -0.002831, 0.27937, -0.03452, -0.959563, -1.2e-05, 0.0, 0.0, 0.0, 1.0],
                [0.946497, 0.178052, 0.269144, 0.124994, 0.161545, -0.983411, 0.08247, -0.002831, 0.279364, -0.034579, -0.959562, -1.2e-05, 0.0, 0.0, 0.0, 1.0],
                [0.946445, 0.178403, 0.269097, 0.124994, 0.161865, -0.983346, 0.082629, -0.002831, 0.279357, -0.034646, -0.959562, -1.2e-05, 0.0, 0.0, 0.0, 1.0],
                [0.946386, 0.178794, 0.269044, 0.124994, 0.162223, -0.983272, 0.082806, -0.00283, 0.279349, -0.034722, -0.959562, -1.2e-05, 0.0, 0.0, 0.0, 1.0],
                [0.946321, 0.179225, 0.268987, 0.124994, 0.162615, -0.983191, 0.083001, -0.002831, 0.279341, -0.034804, -0.959561, -1.2e-05, 0.0, 0.0, 0.0, 1.0],
                [0.94625, 0.179693, 0.268925, 0.124994, 0.163043, -0.983102, 0.083214, -0.002831, 0.279333, -0.034895, -0.95956, -1.2e-05, 0.0, 0.0, 0.0, 1.0],
                [0.946172, 0.180198, 0.268858, 0.124994, 0.163503, -0.983006, 0.083444, -0.00283, 0.279326, -0.034993, -0.959559, -1.2e-05, 0.0, 0.0, 0.0, 1.0],
                [0.94609, 0.180738, 0.268787, 0.124994, 0.163994, -0.982904, 0.083689, -0.00283, 0.279318, -0.035098, -0.959557, -1.2e-05, 0.0, 0.0, 0.0, 1.0],
                [0.946001, 0.18131, 0.268713, 0.124994, 0.164516, -0.982794, 0.083949, -0.00283, 0.279311, -0.035209, -0.959555, -1.2e-05, 0.0, 0.0, 0.0, 1.0],
                [0.945907, 0.181915, 0.268635, 0.124994, 0.165067, -0.982678, 0.084226, -0.00283, 0.279304, -0.035327, -0.959553, -1.2e-05, 0.0, 0.0, 0.0, 1.0],
                [0.945808, 0.18255, 0.268554, 0.124994, 0.165646, -0.982556, 0.084516, -0.00283, 0.279297, -0.035451, -0.95955, -1.2e-05, 0.0, 0.0, 0.0, 1.0],
                [0.945704, 0.183214, 0.268469, 0.124994, 0.166251, -0.982427, 0.08482, -0.002831, 0.279292, -0.035581, -0.959547, -1.2e-05, 0.0, 0.0, 0.0, 1.0],
                [0.945594, 0.183906, 0.268382, 0.124994, 0.16688, -0.982293, 0.085137, -0.002831, 0.279287, -0.035717, -0.959543, -1.2e-05, 0.0, 0.0, 0.0, 1.0],
                [0.945479, 0.184624, 0.268292, 0.124994, 0.167533, -0.982153, 0.085466, -0.00283, 0.279283, -0.035859, -0.959539, -1.2e-05, 0.0, 0.0, 0.0, 1.0],
                [0.945361, 0.185367, 0.2682, 0.124994, 0.168209, -0.982008, 0.085809, -0.002831, 0.279281, -0.036007, -0.959534, -1.2e-05, 0.0, 0.0, 0.0, 1.0],
                [0.945237, 0.186133, 0.268106, 0.124994, 0.168905, -0.981857, 0.086163, -0.002831, 0.27928, -0.03616, -0.959529, -1.2e-05, 0.0, 0.0, 0.0, 1.0],
                [0.945108, 0.186921, 0.26801, 0.124994, 0.169621, -0.981702, 0.086529, -0.00283, 0.27928, -0.036319, -0.959523, -1.2e-05, 0.0, 0.0, 0.0, 1.0],
                [0.944976, 0.18773, 0.267912, 0.124994, 0.170356, -0.981541, 0.086905, -0.002831, 0.279282, -0.036483, -0.959516, -1.2e-05, 0.0, 0.0, 0.0, 1.0],
                [0.944839, 0.188558, 0.267813, 0.124994, 0.171107, -0.981376, 0.087294, -0.002831, 0.279286, -0.036654, -0.959508, -1.2e-05, 0.0, 0.0, 0.0, 1.0],
                [0.944698, 0.189404, 0.267713, 0.124994, 0.171873, -0.981207, 0.087693, -0.00283, 0.279292, -0.036831, -0.9595, -1.2e-05, 0.0, 0.0, 0.0, 1.0],
                [0.944553, 0.190267, 0.267612, 0.124994, 0.172654, -0.981033, 0.088103, -0.002831, 0.2793, -0.037013, -0.95949, -1.2e-05, 0.0, 0.0, 0.0, 1.0],
                [0.944404, 0.191144, 0.267511, 0.124994, 0.173448, -0.980855, 0.088521, -0.002831, 0.27931, -0.037201, -0.95948, -1.2e-05, 0.0, 0.0, 0.0, 1.0],
                [0.944252, 0.192038, 0.267409, 0.124994, 0.174254, -0.980673, 0.088953, -0.00283, 0.279323, -0.037397, -0.959468, -1.2e-05, 0.0, 0.0, 0.0, 1.0],
                [0.944094, 0.192956, 0.267306, 0.124994, 0.175081, -0.980485, 0.0894, -0.002831, 0.27934, -0.037602, -0.959456, -1.2e-05, 0.0, 0.0, 0.0, 1.0],
                [0.943929, 0.193907, 0.267201, 0.124994, 0.175938, -0.980289, 0.089868, -0.002831, 0.27936, -0.037818, -0.959441, -1.2e-05, 0.0, 0.0, 0.0, 1.0],
                [0.943755, 0.194903, 0.267092, 0.124994, 0.176832, -0.980083, 0.090364, -0.002831, 0.279385, -0.038051, -0.959425, -1.2e-05, 0.0, 0.0, 0.0, 1.0],
                [0.94357, 0.195949, 0.26698, 0.124994, 0.17777, -0.979864, 0.090889, -0.002831, 0.279414, -0.038299, -0.959407, -1.2e-05, 0.0, 0.0, 0.0, 1.0],
                [0.943374, 0.197044, 0.266864, 0.124994, 0.178751, -0.979634, 0.091442, -0.00283, 0.279447, -0.038562, -0.959387, -1.2e-05, 0.0, 0.0, 0.0, 1.0],
                [0.94317, 0.198182, 0.266745, 0.124994, 0.179769, -0.979394, 0.092018, -0.002831, 0.279485, -0.038837, -0.959364, -1.2e-05, 0.0, 0.0, 0.0, 1.0],
                [0.942957, 0.199356, 0.266623, 0.124994, 0.18082, -0.979144, 0.092615, -0.002831, 0.279526, -0.039122, -0.959341, -1.2e-05, 0.0, 0.0, 0.0, 1.0],
                [0.942737, 0.200562, 0.266498, 0.124993, 0.181898, -0.978886, 0.093231, -0.002831, 0.27957, -0.039416, -0.959316, -1.2e-05, 0.0, 0.0, 0.0, 1.0],
                [0.942509, 0.201795, 0.266371, 0.124994, 0.183, -0.978621, 0.093859, -0.002831, 0.279616, -0.039717, -0.95929, -1.2e-05, 0.0, 0.0, 0.0, 1.0],
                [0.942277, 0.203048, 0.266242, 0.124994, 0.184121, -0.978349, 0.094499, -0.00283, 0.279665, -0.040023, -0.959263, -1.2e-05, 0.0, 0.0, 0.0, 1.0],
                [0.942039, 0.204316, 0.266111, 0.124994, 0.185255, -0.978072, 0.095143, -0.002831, 0.279716, -0.04033, -0.959235, -1.2e-05, 0.0, 0.0, 0.0, 1.0],
                [0.941798, 0.205594, 0.26598, 0.124994, 0.186398, -0.977791, 0.095794, -0.002831, 0.279768, -0.040641, -0.959207, -1.2e-05, 0.0, 0.0, 0.0, 1.0],
                [0.941555, 0.206877, 0.265848, 0.124994, 0.187546, -0.977508, 0.096446, -0.00283, 0.279821, -0.04095, -0.959178, -1.2e-05, 0.0, 0.0, 0.0, 1.0],
                [0.94131, 0.20816, 0.265716, 0.124994, 0.188693, -0.977223, 0.097096, -0.00283, 0.279875, -0.041258, -0.95915, -1.2e-05, 0.0, 0.0, 0.0, 1.0],
                [0.941064, 0.209435, 0.265584, 0.124994, 0.189836, -0.976937, 0.09774, -0.002831, 0.279929, -0.041562, -0.959121, -1.2e-05, 0.0, 0.0, 0.0, 1.0],
