{
    "animation": [
        {
            "name": "Tool_s_L",
            "time": [0.0, 0.0167, 0.0333, 0.05, 0.0667, 0.0833, 0.1, 0.1167, 0.1333, 0.15, 0.1667, 0.1833, 0.2, 0.2167, 0.2333, 0.25, 0.2667, 0.2833, 0.3, 0.3167, 0.3333, 0.35, 0.3667, 0.3833, 0.4, 0.4167, 0.4333, 0.45, 0.4667, 0.4833, 0.5, 0.5167, 0.5333, 0.55, 0.5667, 0.5833, 0.6, 0.6167, 0.6333, 0.65, 0.6667, 0.6833, 0.7, 0.7167, 0.7333, 0.75, 0.7667, 0.7833, 0.8, 0.8167, 0.8333, 0.85, 0.8667, 0.8833, 0.9, 0.9167, 0.9333, 0.95, 0.9667, 0.9833, 1.0, 1.0167, 1.0333, 1.05, 1.0667, 1.0833, 1.1, 1.1167, 1.1333, 1.15, 1.1667, 1.1833, 1.2, 1.2167, 1.2333, 1.25, 1.2667, 1.2833, 1.3, 1.3167, 1.3333, 1.35, 1.3667, 1.3833, 1.4, 1.4167, 1.4333, 1.45, 1.4667, 1.4833, 1.5, 1.5167, 1.5333, 1.55, 1.5667, 1.5833, 1.6, 1.6167, 1.6333, 1.65, 1.6667, 1.6833, 1.7, 1.7167, 1.7333, 1.75, 1.7667, 1.7833, 1.8, 1.8167, 1.8333, 1.85, 1.8667, 1.8833, 1.9, 1.9167, 1.9333, 1.95, 1.9667, 1.9833, 2.0, 2.0167, 2.0333, 2.05, 2.0667, 2.0833, 2.1, 2.1167, 2.1333, 2.15, 2.1667, 2.1833, 2.2, 2.2167, 2.2333, 2.25, 2.2667, 2.2833, 2.3, 2.3167, 2.3333, 2.35, 2.3667, 2.3833, 2.4, 2.4167, 2.4333, 2.45, 2.4667, 2.4833, 2.5, 2.5167, 2.5333, 2.55, 2.5667, 2.5833, 2.6, 2.6167, 2.6333, 2.65, 2.6667, 2.6833, 2.7, 2.7167, 2.7333, 2.75, 2.7667, 2.7833, 2.8, 2.8167, 2.8333, 2.85, 2.8667, 2.8833, 2.9, 2.9167, 2.9333, 2.95, 2.9667, 2.9833, 3.0],
            "transform": [
                [-0.130753, -0.206006, -0.969776, -0.150663, -0.945902, -0.267051, 0.184263, 0.631583, -0.296939, 0.941406, -0.159943, 0.657642, 0.0, 0.0, 0.0, 1.0],
                [-0.132103, -0.203977, -0.970022, -0.150765, -0.943279, -0.274834, 0.186254, 0.631888, -0.304586, 0.939606, -0.156101, 0.658211, 0.0, 0.0, 0.0, 1.0],
                [-0.135864, -0.198299, -0.97068, -0.151012, -0.935399, -0.297162, 0.191633, 0.632682, -0.32645, 0.934008, -0.145115, 0.660036, 0.0, 0.0, 0.0, 1.0],
                [-0.141466, -0.189697, -0.971598, -0.151278, -0.921849, -0.332474, 0.199135, 0.633723, -0.360806, 0.923838, -0.127838, 0.663508, 0.0, 0.0, 0.0, 1.0],
                [-0.148179, -0.178979, -0.97263, -0.151424, -0.901886, -0.379063, 0.207155, 0.634668, -0.405765, 0.907897, -0.105249, 0.669199, 0.0, 0.0, 0.0, 1.0],
                [-0.155148, -0.166947, -0.973682, -0.151332, -0.874664, -0.434958, 0.213948, 0.635039, -0.459229, 0.884839, -0.07854, 0.677732, 0.0, 0.0, 0.0, 1.0],
                [-0.161431, -0.154308, -0.974746, -0.150942, -0.83946, -0.497848, 0.217838, 0.634216, -0.51889, 0.853426, -0.049167, 0.68966, 0.0, 0.0, 0.0, 1.0],
                [-0.166065, -0.141595, -0.975896, -0.150282, -0.795868, -0.565085, 0.21742, 0.631461, -0.58225, 0.812791, -0.01885, 0.705348, 0.0, 0.0, 0.0, 1.0],
                [-0.168152, -0.129121, -0.977268, -0.149482, -0.743959, -0.633789, 0.211747, 0.625983, -0.646722, 0.762653, 0.010512, 0.72488, 0.0, 0.0, 0.0, 1.0],
                [-0.166944, -0.116962, -0.979004, -0.148766, -0.684377, -0.701031, 0.200455, 0.61703, -0.709758, 0.703473, 0.036987, 0.747999, 0.0, 0.0, 0.0, 1.0],
                [-0.161945, -0.105, -0.981198, -0.148421, -0.618367, -0.764088, 0.183827, 0.604008, -0.769023, 0.63651, 0.058812, 0.774098, 0.0, 0.0, 0.0, 1.0],
                [-0.152976, -0.093005, -0.983843, -0.14875, -0.547704, -0.820692, 0.162744, 0.58659, -0.822568, 0.563751, 0.074607, 0.802261, 0.0, 0.0, 0.0, 1.0],
                [-0.140207, -0.080753, -0.986823, -0.150006, -0.474568, -0.869245, 0.138558, 0.564799, -0.86898, 0.487741, 0.083551, 0.831355, 0.0, 0.0, 0.0, 1.0],
                [-0.124157, -0.06814, -0.98992, -0.15234, -0.401359, -0.908935, 0.112905, 0.539045, -0.907466, 0.411331, 0.085502, 0.860151, 0.0, 0.0, 0.0, 1.0],
                [-0.105636, -0.055282, -0.992867, -0.155749, -0.330511, -0.939739, 0.087488, 0.510108, -0.937872, 0.337395, 0.080999, 0.887454, 0.0, 0.0, 0.0, 1.0],
                [-0.085672, -0.042565, -0.995414, -0.160061, -0.264323, -0.962315, 0.063899, 0.479073, -0.960621, 0.268585, 0.071193, 0.912211, 0.0, 0.0, 0.0, 1.0],
                [-0.065423, -0.030653, -0.997387, -0.164938, -0.204856, -0.977826, 0.04349, 0.447238, -0.976603, 0.207166, 0.057692, 0.933583, 0.0, 0.0, 0.0, 1.0],
                [-0.046085, -0.020442, -0.998728, -0.169903, -0.153883, -0.987711, 0.027317, 0.416004, -0.987014, 0.154946, 0.042373, 0.950966, 0.0, 0.0, 0.0, 1.0],
                [-0.028833, -0.012985, -0.9995, -0.174388, -0.112908, -0.993474, 0.016164, 0.386777, -0.993187, 0.113318, 0.027178, 0.963962, 0.0, 0.0, 0.0, 1.0],
                [-0.014771, -0.009407, -0.999847, -0.177785, -0.083241, -0.996473, 0.010605, 0.360873, -0.99642, 0.083384, 0.013936, 0.972315, 0.0, 0.0, 0.0, 1.0],
                [-0.00491, -0.010805, -0.99993, -0.179504, -0.0661, -0.997751, 0.011106, 0.33945, -0.997801, 0.06615, 0.004185, 0.975812, 0.0, 0.0, 0.0, 1.0],
                [0.001338, -0.015444, -0.99988, -0.179213, -0.058323, -0.99818, 0.01534, 0.323712, -0.998297, 0.058296, -0.002236, 0.976096, 0.0, 0.0, 0.0, 1.0],
                [0.005342, -0.020757, -0.99977, -0.177158, -0.055247, -0.998264, 0.020431, 0.313174, -0.998459, 0.055125, -0.00648, 0.975277, 0.0, 0.0, 0.0, 1.0],
                [0.007348, -0.026479, -0.999623, -0.173688, -0.055835, -0.998101, 0.026028, 0.306265, -0.998413, 0.055622, -0.008813, 0.973777, 0.0, 0.0, 0.0, 1.0],
                [0.007607, -0.032301, -0.999449, -0.169178, -0.059053, -0.997748, 0.031796, 0.301391, -0.998225, 0.058779, -0.009497, 0.971992, 0.0, 0.0, 0.0, 1.0],
                [0.006384, -0.037895, -0.999261, -0.16402, -0.063871, -0.997257, 0.037411, 0.296947, -0.997937, 0.063585, -0.008787, 0.970303, 0.0, 0.0, 0.0, 1.0],
                [0.003965, -0.042924, -0.999071, -0.158611, -0.069261, -0.996691, 0.042547, 0.291339, -0.997591, 0.069028, -0.006925, 0.969079, 0.0, 0.0, 0.0, 1.0],
                [0.000656, -0.047058, -0.998892, -0.153345, -0.074201, -0.996141, 0.04688, 0.282976, -0.997243, 0.074088, -0.004146, 0.968679, 0.0, 0.0, 0.0, 1.0],
                [-0.003212, -0.049977, -0.998745, -0.148608, -0.077672, -0.99572, 0.050075, 0.27027, -0.996974, 0.077735, -0.000684, 0.969444, 0.0, 0.0, 0.0, 1.0],
                [-0.007289, -0.051382, -0.998653, -0.144771, -0.078653, -0.995556, 0.051797, 0.251621, -0.996875, 0.078924, 0.003216, 0.971689, 0.0, 0.0, 0.0, 1.0],
                [-0.01121, -0.050996, -0.998636, -0.142182, -0.076118, -0.995757, 0.051704, 0.225387, -0.997035, 0.076594, 0.007281, 0.975679, 0.0, 0.0, 0.0, 1.0],
                [-0.021512, -0.060429, -0.99794, -0.140547, -0.064782, -0.995989, 0.061707, 0.187698, -0.997667, 0.065976, 0.017511, 0.986066, 0.0, 0.0, 0.0, 1.0],
                [-0.03948, -0.084755, -0.99562, -0.139217, -0.044519, -0.995257, 0.08649, 0.139488, -0.998228, 0.047739, 0.035519, 1.00296, 0.0, 0.0, 0.0, 1.0],
                [-0.057462, -0.113978, -0.99182, -0.138105, -0.021879, -0.993079, 0.11539, 0.086939, -0.998107, 0.028331, 0.054571, 1.020251, 0.0, 0.0, 0.0, 1.0],
                [-0.068639, -0.137382, -0.988137, -0.137776, -0.002985, -0.99044, 0.13791, 0.038005, -0.997637, 0.012416, 0.067573, 1.032743, 0.0, 0.0, 0.0, 1.0],
                [-0.066746, -0.143188, -0.987442, -0.139631, 0.006229, -0.98969, 0.143093, 0.002219, -0.99775, 0.0034, 0.06695, 1.036001, 0.0, 0.0, 0.0, 1.0],
                [-0.057708, -0.135352, -0.989116, -0.141815, 0.008477, -0.990797, 0.135088, -0.020263, -0.998297, -0.00059, 0.058324, 1.033426, 0.0, 0.0, 0.0, 1.0],
                [-0.051391, -0.126201, -0.990673, -0.141554, 0.010582, -0.991997, 0.12582, -0.036346, -0.998622, -0.004017, 0.052316, 1.031307, 0.0, 0.0, 0.0, 1.0],
                [-0.047424, -0.116057, -0.99211, -0.139138, 0.01251, -0.993218, 0.115589, -0.046771, -0.998796, -0.006929, 0.048554, 1.02945, 0.0, 0.0, 0.0, 1.0],
                [-0.045406, -0.105279, -0.993405, -0.134829, 0.014237, -0.994398, 0.104734, -0.052285, -0.998867, -0.009388, 0.04665, 1.027617, 0.0, 0.0, 0.0, 1.0],
                [-0.044924, -0.094234, -0.994536, -0.128893, 0.015752, -0.995484, 0.093613, -0.053645, -0.998866, -0.01146, 0.046205, 1.025569, 0.0, 0.0, 0.0, 1.0],
                [-0.04556, -0.083275, -0.995485, -0.121617, 0.017057, -0.996439, 0.082574, -0.051628, -0.998816, -0.013218, 0.046818, 1.023105, 0.0, 0.0, 0.0, 1.0],
                [-0.046905, -0.072721, -0.996249, -0.113332, 0.01817, -0.997244, 0.071938, -0.047018, -0.998734, -0.014727, 0.048097, 1.020095, 0.0, 0.0, 0.0, 1.0],
                [-0.048567, -0.062848, -0.996841, -0.104409, 0.019123, -0.997894, 0.061983, -0.040603, -0.998637, -0.016053, 0.049667, 1.016498, 0.0, 0.0, 0.0, 1.0],
                [-0.050185, -0.053881, -0.997285, -0.095269, 0.019961, -0.998398, 0.052937, -0.033159, -0.99854, -0.01725, 0.05118, 1.012376, 0.0, 0.0, 0.0, 1.0],
                [-0.051435, -0.045999, -0.997616, -0.086369, 0.020737, -0.998773, 0.044983, -0.025438, -0.998461, -0.018374, 0.052326, 1.007888, 0.0, 0.0, 0.0, 1.0],
                [-0.052037, -0.039341, -0.99787, -0.078191, 0.021508, -0.999036, 0.038265, -0.018158, -0.998413, -0.019471, 0.052833, 1.003281, 0.0, 0.0, 0.0, 1.0],
                [-0.051747, -0.034021, -0.99808, -0.071231, 0.022337, -0.999209, 0.032901, -0.012, -0.99841, -0.020592, 0.052466, 0.998867, 0.0, 0.0, 0.0, 1.0],
                [-0.050352, -0.030147, -0.998276, -0.065983, 0.023287, -0.999308, 0.029004, -0.007616, -0.99846, -0.021786, 0.051019, 0.994992, 0.0, 0.0, 0.0, 1.0],
                [-0.04765, -0.027843, -0.998476, -0.062925, 0.024419, -0.999345, 0.026702, -0.005642, -0.998565, -0.023109, 0.048298, 0.991997, 0.0, 0.0, 0.0, 1.0],
                [-0.043431, -0.027274, -0.998684, -0.062505, 0.025796, -0.999325, 0.02617, -0.006723, -0.998723, -0.024626, 0.044105, 0.990178, 0.0, 0.0, 0.0, 1.0],
                [-0.037152, -0.027692, -0.998926, -0.063826, 0.023673, -0.99936, 0.026824, -0.008073, -0.999029, -0.022651, 0.037784, 0.985227, 0.0, 0.0, 0.0, 1.0],
                [-0.02903, -0.028181, -0.999181, -0.06551, 0.015629, -0.999493, 0.027736, -0.007247, -0.999456, -0.014811, 0.029456, 0.974045, 0.0, 0.0, 0.0, 1.0],
                [-0.01997, -0.028696, -0.999389, -0.067269, 0.003716, -0.999584, 0.028628, -0.005462, -0.999793, -0.003143, 0.020068, 0.958679, 0.0, 0.0, 0.0, 1.0],
                [-0.010874, -0.029155, -0.999516, -0.068853, -0.009993, -0.999522, 0.029264, -0.003902, -0.999891, 0.010306, 0.010578, 0.941197, 0.0, 0.0, 0.0, 1.0],
                [-0.002641, -0.029413, -0.999564, -0.070074, -0.023416, -0.999291, 0.029467, -0.003664, -0.999722, 0.023484, 0.00195, 0.923703, 0.0, 0.0, 0.0, 1.0],
                [0.003843, -0.029271, -0.999564, -0.070802, -0.034467, -0.998982, 0.029122, -0.005738, -0.999398, 0.03434, -0.004848, 0.908331, 0.0, 0.0, 0.0, 1.0],
                [0.007696, -0.028489, -0.999565, -0.070948, -0.041066, -0.99876, 0.02815, -0.011031, -0.999127, 0.040831, -0.008856, 0.89722, 0.0, 0.0, 0.0, 1.0],
                [0.008034, -0.026826, -0.999608, -0.070419, -0.041153, -0.998802, 0.026474, -0.020434, -0.99912, 0.040925, -0.009128, 0.892483, 0.0, 0.0, 0.0, 1.0],
                [0.003952, -0.024101, -0.999702, -0.069064, -0.032694, -0.999179, 0.023959, -0.034924, -0.999458, 0.03259, -0.004737, 0.896169, 0.0, 0.0, 0.0, 1.0],
                [-0.005496, -0.020264, -0.99978, -0.066584, -0.013685, -0.9997, 0.020337, -0.055716, -0.999891, 0.013794, 0.005217, 0.910215, 0.0, 0.0, 0.0, 1.0],
                [-0.009618, -0.021015, -0.999733, -0.076819, 0.005365, -0.999766, 0.020964, -0.093211, -0.999939, -0.005162, 0.009729, 0.929059, 0.0, 0.0, 0.0, 1.0],
                [0.000438, -0.029504, -0.999565, -0.104778, 0.015975, -0.999437, 0.029507, -0.151903, -0.999872, -0.015981, 3.4e-05, 0.944755, 0.0, 0.0, 0.0, 1.0],
                [0.020116, -0.041811, -0.998923, -0.13718, 0.023052, -0.998841, 0.042272, -0.223335, -0.999532, -0.023878, -0.019129, 0.955885, 0.0, 0.0, 0.0, 1.0],
                [0.040808, -0.052988, -0.997761, -0.162866, 0.02873, -0.998117, 0.054182, -0.295418, -0.998753, -0.030877, -0.039208, 0.96183, 0.0, 0.0, 0.0, 1.0],
                [0.050484, -0.057807, -0.99705, -0.173201, 0.031279, -0.997742, 0.059431, -0.35307, -0.998235, -0.034187, -0.048562, 0.962536, 0.0, 0.0, 0.0, 1.0],
                [0.050785, -0.058362, -0.997003, -0.172805, 0.02977, -0.997759, 0.059923, -0.398255, -0.998265, -0.032724, -0.048934, 0.959243, 0.0, 0.0, 0.0, 1.0],
                [0.05165, -0.059968, -0.996863, -0.171657, 0.025406, -0.997793, 0.061341, -0.443188, -0.998342, -0.028495, -0.050013, 0.953386, 0.0, 0.0, 0.0, 1.0],
                [0.053019, -0.062542, -0.996633, -0.16981, 0.018429, -0.997805, 0.063596, -0.487778, -0.998423, -0.021739, -0.05175, 0.94518, 0.0, 0.0, 0.0, 1.0],
                [0.054822, -0.066003, -0.996312, -0.167313, 0.009079, -0.997738, 0.066597, -0.531946, -0.998454, -0.012697, -0.054099, 0.934834, 0.0, 0.0, 0.0, 1.0],
                [0.056991, -0.07027, -0.995899, -0.164211, -0.002403, -0.997527, 0.070248, -0.575621, -0.998371, -0.00161, -0.057019, 0.922556, 0.0, 0.0, 0.0, 1.0],
                [0.059452, -0.075266, -0.99539, -0.160549, -0.015776, -0.9971, 0.074453, -0.61874, -0.998106, 0.011276, -0.060467, 0.908554, 0.0, 0.0, 0.0, 1.0],
                [0.062134, -0.080908, -0.994783, -0.156375, -0.030793, -0.99639, 0.079116, -0.661236, -0.997592, 0.025716, -0.064402, 0.893037, 0.0, 0.0, 0.0, 1.0],
                [0.064966, -0.087114, -0.994078, -0.151739, -0.047206, -0.995335, 0.084139, -0.703039, -0.99677, 0.04146, -0.068776, 0.876222, 0.0, 0.0, 0.0, 1.0],
                [0.06788, -0.093796, -0.993274, -0.146692, -0.064761, -0.993886, 0.089428, -0.74407, -0.995589, 0.058255, -0.073539, 0.858333, 0.0, 0.0, 0.0, 1.0],
                [0.070813, -0.100863, -0.992377, -0.141295, -0.0832, -0.992005, 0.094889, -0.78424, -0.994013, 0.075847, -0.078639, 0.839598, 0.0, 0.0, 0.0, 1.0],
                [0.073708, -0.108225, -0.99139, -0.135612, -0.102263, -0.989674, 0.100434, -0.823442, -0.992022, 0.09398, -0.084014, 0.820254, 0.0, 0.0, 0.0, 1.0],
                [0.076512, -0.115781, -0.990323, -0.129711, -0.121687, -0.986894, 0.105979, -0.861554, -0.989615, 0.112401, -0.089598, 0.800544, 0.0, 0.0, 0.0, 1.0],
                [0.079183, -0.123433, -0.989188, -0.123669, -0.141209, -0.983687, 0.111443, -0.898435, -0.986807, 0.130858, -0.095321, 0.780718, 0.0, 0.0, 0.0, 1.0],
                [0.081683, -0.131078, -0.988001, -0.117568, -0.160565, -0.980096, 0.116755, -0.933922, -0.98364, 0.149101, -0.101104, 0.761028, 0.0, 0.0, 0.0, 1.0],
                [0.083988, -0.138611, -0.986779, -0.111493, -0.179496, -0.976184, 0.121845, -0.967833, -0.980167, 0.166889, -0.106867, 0.74173, 0.0, 0.0, 0.0, 1.0],
                [0.086074, -0.145924, -0.985544, -0.105534, -0.197745, -0.972037, 0.126654, -0.999965, -0.976467, 0.183985, -0.112523, 0.723083, 0.0, 0.0, 0.0, 1.0],
                [0.087931, -0.152912, -0.98432, -0.099788, -0.215063, -0.967757, 0.131127, -1.030096, -0.972633, 0.200161, -0.117982, 0.705342, 0.0, 0.0, 0.0, 1.0],
                [0.089553, -0.159468, -0.983133, -0.094349, -0.231205, -0.963463, 0.135217, -1.057986, -0.968774, 0.215196, -0.123151, 0.688763, 0.0, 0.0, 0.0, 1.0],
                [0.090941, -0.165486, -0.98201, -0.089317, -0.245932, -0.959286, 0.138881, -1.083384, -0.965011, 0.228878, -0.127936, 0.673598, 0.0, 0.0, 0.0, 1.0],
                [0.092098, -0.17086, -0.980982, -0.084791, -0.259013, -0.955366, 0.142081, -1.106023, -0.961473, 0.241001, -0.132242, 0.660099, 0.0, 0.0, 0.0, 1.0],
                [0.093033, -0.175485, -0.980076, -0.080871, -0.270219, -0.951851, 0.144781, -1.125634, -0.958293, 0.251366, -0.135973, 0.648511, 0.0, 0.0, 0.0, 1.0],
                [0.093754, -0.17926, -0.979324, -0.077656, -0.279326, -0.948885, 0.146947, -1.141943, -0.955608, 0.259774, -0.139034, 0.639078, 0.0, 0.0, 0.0, 1.0],
                [0.094269, -0.182081, -0.978754, -0.075244, -0.286112, -0.946612, 0.148544, -1.154682, -0.953547, 0.26603, -0.141332, 0.632042, 0.0, 0.0, 0.0, 1.0],
                [0.094581, -0.183848, -0.978394, -0.073729, -0.290352, -0.945164, 0.149535, -1.163589, -0.952234, 0.269935, -0.142775, 0.627643, 0.0, 0.0, 0.0, 1.0],
                [0.094687, -0.184459, -0.978269, -0.073204, -0.291817, -0.944659, 0.149877, -1.16842, -0.951776, 0.271284, -0.143275, 0.626123, 0.0, 0.0, 0.0, 1.0],
                [0.094538, -0.184966, -0.978187, -0.072764, -0.292185, -0.944469, 0.150352, -1.170817, -0.951677, 0.271598, -0.143333, 0.626158, 0.0, 0.0, 0.0, 1.0],
                [0.094102, -0.186448, -0.977947, -0.071477, -0.293275, -0.943909, 0.151738, -1.172595, -0.951385, 0.272529, -0.143505, 0.626259, 0.0, 0.0, 0.0, 1.0],
                [0.093393, -0.188842, -0.977556, -0.069396, -0.295066, -0.942989, 0.153974, -1.173792, -0.950901, 0.274063, -0.143789, 0.626415, 0.0, 0.0, 0.0, 1.0],
                [0.092423, -0.192085, -0.977017, -0.06657, -0.297536, -0.941713, 0.156998, -1.174451, -0.950226, 0.276187, -0.144188, 0.626619, 0.0, 0.0, 0.0, 1.0],
                [0.091201, -0.196112, -0.976331, -0.063049, -0.300663, -0.940087, 0.160746, -1.174614, -0.94936, 0.278886, -0.144701, 0.626859, 0.0, 0.0, 0.0, 1.0],
                [0.089739, -0.200859, -0.975501, -0.058882, -0.304422, -0.93811, 0.165155, -1.174329, -0.9483, 0.282143, -0.145331, 0.627127, 0.0, 0.0, 0.0, 1.0],
                [0.088044, -0.206262, -0.974528, -0.054119, -0.30879, -0.935785, 0.170164, -1.17364, -0.947046, 0.285942, -0.146082, 0.627411, 0.0, 0.0, 0.0, 1.0],
                [0.086125, -0.212254, -0.973412, -0.048809, -0.313742, -0.933109, 0.175707, -1.172596, -0.945594, 0.290267, -0.146957, 0.627702, 0.0, 0.0, 0.0, 1.0],
                [0.083989, -0.218771, -0.972155, -0.043001, -0.319253, -0.930083, 0.181722, -1.171246, -0.94394, 0.295101, -0.147961, 0.627988, 0.0, 0.0, 0.0, 1.0],
                [0.081644, -0.225747, -0.970758, -0.036745, -0.325298, -0.926705, 0.188144, -1.169636, -0.94208, 0.300425, -0.149095, 0.628259, 0.0, 0.0, 0.0, 1.0],
                [0.079099, -0.233116, -0.969227, -0.03009, -0.331853, -0.922976, 0.194909, -1.167816, -0.940009, 0.306223, -0.150367, 0.628504, 0.0, 0.0, 0.0, 1.0],
                [0.076361, -0.240812, -0.967563, -0.023086, -0.33889, -0.918895, 0.201954, -1.165832, -0.937721, 0.312477, -0.151776, 0.628713, 0.0, 0.0, 0.0, 1.0],
                [0.073438, -0.248771, -0.965774, -0.015783, -0.346387, -0.914464, 0.209215, -1.16373, -0.935212, 0.319167, -0.153328, 0.628874, 0.0, 0.0, 0.0, 1.0],
                [0.070343, -0.256927, -0.963867, -0.008233, -0.354318, -0.909687, 0.216627, -1.161557, -0.932475, 0.326277, -0.155024, 0.628977, 0.0, 0.0, 0.0, 1.0],
                [0.067084, -0.265216, -0.961852, -0.000486, -0.362658, -0.904569, 0.224128, -1.159356, -0.929504, 0.333788, -0.156865, 0.62901, 0.0, 0.0, 0.0, 1.0],
                [0.063675, -0.273576, -0.95974, 0.007405, -0.371384, -0.899116, 0.231655, -1.157168, -0.926293, 0.341681, -0.158853, 0.628964, 0.0, 0.0, 0.0, 1.0],
                [0.060128, -0.281942, -0.957545, 0.01539, -0.380471, -0.893337, 0.239145, -1.155035, -0.922836, 0.349939, -0.160985, 0.628828, 0.0, 0.0, 0.0, 1.0],
                [0.056457, -0.290254, -0.955283, 0.023415, -0.389898, -0.887242, 0.246538, -1.152996, -0.919126, 0.358544, -0.163261, 0.628591, 0.0, 0.0, 0.0, 1.0],
                [0.052679, -0.298451, -0.95297, 0.031427, -0.399641, -0.880845, 0.253771, -1.151088, -0.915157, 0.367477, -0.165676, 0.628242, 0.0, 0.0, 0.0, 1.0],
                [0.048812, -0.306473, -0.950627, 0.039374, -0.40968, -0.874159, 0.260784, -1.149345, -0.910922, 0.376723, -0.168226, 0.627772, 0.0, 0.0, 0.0, 1.0],
                [0.044875, -0.314262, -0.948275, 0.047201, -0.419994, -0.867201, 0.267519, -1.1478, -0.906416, 0.386265, -0.170904, 0.627168, 0.0, 0.0, 0.0, 1.0],
                [0.040888, -0.321762, -0.945937, 0.054856, -0.430564, -0.859991, 0.273916, -1.146485, -0.901633, 0.396086, -0.173702, 0.62642, 0.0, 0.0, 0.0, 1.0],
                [0.036875, -0.328916, -0.943639, 0.062283, -0.44137, -0.852548, 0.279917, -1.145429, -0.896566, 0.406173, -0.176611, 0.625517, 0.0, 0.0, 0.0, 1.0],
                [0.032859, -0.335671, -0.941406, 0.069428, -0.452397, -0.844894, 0.285467, -1.14466, -0.891211, 0.416509, -0.179619, 0.624448, 0.0, 0.0, 0.0, 1.0],
                [0.028869, -0.341973, -0.939266, 0.076237, -0.463627, -0.837051, 0.290509, -1.144202, -0.88556, 0.427082, -0.182713, 0.623201, 0.0, 0.0, 0.0, 1.0],
                [0.024931, -0.347773, -0.937247, 0.082656, -0.475044, -0.829045, 0.294987, -1.144083, -0.879608, 0.43788, -0.185877, 0.621765, 0.0, 0.0, 0.0, 1.0],
                [0.021077, -0.353018, -0.935379, 0.088627, -0.486636, -0.820899, 0.298847, -1.144323, -0.87335, 0.44889, -0.189094, 0.620126, 0.0, 0.0, 0.0, 1.0],
                [0.017339, -0.357662, -0.93369, 0.094097, -0.498387, -0.81264, 0.302037, -1.144946, -0.866781, 0.460103, -0.192344, 0.618273, 0.0, 0.0, 0.0, 1.0],
                [0.01375, -0.361654, -0.932211, 0.099008, -0.510286, -0.804293, 0.304501, -1.145972, -0.859894, 0.471508, -0.195606, 0.616193, 0.0, 0.0, 0.0, 1.0],
                [0.01035, -0.364949, -0.93097, 0.103305, -0.522322, -0.795883, 0.306187, -1.147425, -0.852685, 0.483097, -0.198858, 0.613873, 0.0, 0.0, 0.0, 1.0],
                [0.006728, -0.367749, -0.929901, 0.107197, -0.534716, -0.787129, 0.307419, -1.149968, -0.845005, 0.495164, -0.201937, 0.61132, 0.0, 0.0, 0.0, 1.0],
                [0.002484, -0.370296, -0.92891, 0.11093, -0.547645, -0.777734, 0.308568, -1.154209, -0.836707, 0.507947, -0.204723, 0.608573, 0.0, 0.0, 0.0, 1.0],
                [-0.002334, -0.372603, -0.927988, 0.114499, -0.561027, -0.767699, 0.309655, -1.16008, -0.827794, 0.521349, -0.207248, 0.605658, 0.0, 0.0, 0.0, 1.0],
                [-0.007678, -0.374679, -0.927123, 0.117899, -0.574784, -0.757027, 0.310698, -1.167516, -0.818269, 0.535281, -0.209547, 0.602605, 0.0, 0.0, 0.0, 1.0],
                [-0.013503, -0.376535, -0.926304, 0.121127, -0.588838, -0.745724, 0.311714, -1.176448, -0.808138, 0.549652, -0.211649, 0.599444, 0.0, 0.0, 0.0, 1.0],
                [-0.019761, -0.378181, -0.925521, 0.124178, -0.603114, -0.733799, 0.312718, -1.186807, -0.79741, 0.564374, -0.213585, 0.596203, 0.0, 0.0, 0.0, 1.0],
                [-0.02641, -0.379626, -0.924763, 0.127051, -0.617539, -0.721264, 0.313724, -1.198524, -0.786096, 0.579363, -0.215386, 0.592911, 0.0, 0.0, 0.0, 1.0],
                [-0.033408, -0.380881, -0.92402, 0.129744, -0.632042, -0.708137, 0.314746, -1.211524, -0.774214, 0.594534, -0.217076, 0.589599, 0.0, 0.0, 0.0, 1.0],
                [-0.040714, -0.381955, -0.923284, 0.132257, -0.646552, -0.694438, 0.315794, -1.225737, -0.761782, 0.609808, -0.218681, 0.586294, 0.0, 0.0, 0.0, 1.0],
                [-0.048289, -0.382857, -0.922545, 0.13459, -0.661002, -0.680193, 0.31688, -1.241085, -0.748828, 0.625106, -0.220223, 0.583027, 0.0, 0.0, 0.0, 1.0],
                [-0.0561, -0.383597, -0.921795, 0.136744, -0.675327, -0.665432, 0.318014, -1.257491, -0.735381, 0.640354, -0.221723, 0.579827, 0.0, 0.0, 0.0, 1.0],
                [-0.06411, -0.384182, -0.921029, 0.13872, -0.689464, -0.650192, 0.319202, -1.274876, -0.721477, 0.65548, -0.223196, 0.576722, 0.0, 0.0, 0.0, 1.0],
                [-0.07229, -0.384623, -0.920239, 0.140521, -0.703351, -0.634513, 0.320454, -1.293157, -0.707157, 0.670416, -0.224656, 0.57374, 0.0, 0.0, 0.0, 1.0],
                [-0.08061, -0.384928, -0.91942, 0.142151, -0.716931, -0.618442, 0.321776, -1.312251, -0.692468, 0.685099, -0.226114, 0.570908, 0.0, 0.0, 0.0, 1.0],
                [-0.089043, -0.385102, -0.918568, 0.143611, -0.730149, -0.60203, 0.323175, -1.332072, -0.677461, 0.699468, -0.227576, 0.568253, 0.0, 0.0, 0.0, 1.0],
                [-0.097564, -0.385156, -0.91768, 0.144908, -0.742954, -0.585334, 0.324656, -1.352531, -0.662193, 0.713469, -0.229046, 0.565799, 0.0, 0.0, 0.0, 1.0],
                [-0.106152, -0.385093, -0.916752, 0.146044, -0.755299, -0.568417, 0.326228, -1.373538, -0.646726, 0.727052, -0.230522, 0.56357, 0.0, 0.0, 0.0, 1.0],
                [-0.114785, -0.38492, -0.915784, 0.147024, -0.76714, -0.551346, 0.327894, -1.395001, -0.631127, 0.740172, -0.232001, 0.561588, 0.0, 0.0, 0.0, 1.0],
                [-0.123444, -0.38464, -0.914775, 0.147853, -0.778436, -0.534192, 0.329661, -1.416824, -0.615466, 0.752788, -0.233475, 0.559873, 0.0, 0.0, 0.0, 1.0],
                [-0.132114, -0.384258, -0.913724, 0.148537, -0.789152, -0.517033, 0.331536, -1.438914, -0.59982, 0.764868, -0.23493, 0.558443, 0.0, 0.0, 0.0, 1.0],
                [-0.140779, -0.383773, -0.912633, 0.149079, -0.799258, -0.499948, 0.333524, -1.461175, -0.584267, 0.776383, -0.236351, 0.557314, 0.0, 0.0, 0.0, 1.0],
                [-0.149425, -0.383187, -0.911504, 0.149485, -0.808726, -0.483023, 0.335635, -1.483506, -0.568888, 0.787309, -0.237718, 0.556499, 0.0, 0.0, 0.0, 1.0],
                [-0.15804, -0.3825, -0.910339, 0.149759, -0.817534, -0.466346, 0.337874, -1.505811, -0.55377, 0.797631, -0.239006, 0.55601, 0.0, 0.0, 0.0, 1.0],
                [-0.166611, -0.381709, -0.909142, 0.149907, -0.825665, -0.450007, 0.340252, -1.527991, -0.538998, 0.807336, -0.240188, 0.555855, 0.0, 0.0, 0.0, 1.0],
                [-0.175128, -0.380812, -0.907917, 0.149933, -0.833103, -0.434102, 0.342775, -1.549948, -0.524661, 0.816418, -0.241232, 0.556041, 0.0, 0.0, 0.0, 1.0],
                [-0.183583, -0.379804, -0.906668, 0.149843, -0.839839, -0.418724, 0.345456, -1.571583, -0.510849, 0.824875, -0.242104, 0.556571, 0.0, 0.0, 0.0, 1.0],
                [-0.191965, -0.37868, -0.9054, 0.149642, -0.845866, -0.403973, 0.348303, -1.5928, -0.497653, 0.83271, -0.242764, 0.557447, 0.0, 0.0, 0.0, 1.0],
                [-0.200266, -0.377435, -0.904122, 0.149334, -0.851181, -0.389948, 0.351328, -1.613504, -0.485164, 0.83993, -0.243172, 0.558668, 0.0, 0.0, 0.0, 1.0],
                [-0.208479, -0.376062, -0.902837, 0.148926, -0.855782, -0.376747, 0.354541, -1.633602, -0.47347, 0.846545, -0.243283, 0.56023, 0.0, 0.0, 0.0, 1.0],
                [-0.216595, -0.374552, -0.901553, 0.148424, -0.859668, -0.364472, 0.357953, -1.653001, -0.462662, 0.852567, -0.243048, 0.562129, 0.0, 0.0, 0.0, 1.0],
                [-0.223965, -0.372471, -0.900614, 0.147176, -0.863193, -0.353218, 0.360741, -1.671609, -0.452478, 0.858197, -0.242407, 0.564383, 0.0, 0.0, 0.0, 1.0],
                [-0.229974, -0.36945, -0.900344, 0.144607, -0.866733, -0.342982, 0.362129, -1.68942, -0.44259, 0.863638, -0.241337, 0.566993, 0.0, 0.0, 0.0, 1.0],
                [-0.234668, -0.365581, -0.900711, 0.140834, -0.870315, -0.333712, 0.362197, -1.706478, -0.43299, 0.868899, -0.239859, 0.569922, 0.0, 0.0, 0.0, 1.0],
                [-0.238099, -0.360954, -0.901677, 0.135974, -0.873961, -0.325353, 0.361023, -1.72283, -0.423676, 0.873989, -0.237993, 0.573136, 0.0, 0.0, 0.0, 1.0],
                [-0.240316, -0.35565, -0.903195, 0.130142, -0.877678, -0.317846, 0.358684, -1.738522, -0.414643, 0.878912, -0.235763, 0.5766, 0.0, 0.0, 0.0, 1.0],
                [-0.241374, -0.34975, -0.905214, 0.123454, -0.88147, -0.311132, 0.355256, -1.753599, -0.405892, 0.883669, -0.233195, 0.580283, 0.0, 0.0, 0.0, 1.0],
                [-0.241333, -0.343331, -0.90768, 0.116021, -0.885331, -0.305152, 0.350815, -1.768105, -0.397426, 0.88826, -0.230319, 0.584153, 0.0, 0.0, 0.0, 1.0],
                [-0.240253, -0.336468, -0.910532, 0.107955, -0.889249, -0.299845, 0.345439, -1.782077, -0.389248, 0.892682, -0.227165, 0.58818, 0.0, 0.0, 0.0, 1.0],
                [-0.238201, -0.329231, -0.91371, 0.099367, -0.893208, -0.295155, 0.339207, -1.795548, -0.381364, 0.896933, -0.223766, 0.592334, 0.0, 0.0, 0.0, 1.0],
                [-0.235247, -0.321693, -0.917154, 0.090362, -0.897188, -0.291024, 0.332203, -1.808546, -0.373781, 0.90101, -0.220157, 0.596583, 0.0, 0.0, 0.0, 1.0],
                [-0.231467, -0.313922, -0.920802, 0.081046, -0.901163, -0.287398, 0.324511, -1.821095, -0.366508, 0.904906, -0.216372, 0.6009, 0.0, 0.0, 0.0, 1.0],
                [-0.22694, -0.305986, -0.924592, 0.07152, -0.905108, -0.284226, 0.31622, -1.833207, -0.359552, 0.908618, -0.212448, 0.605253, 0.0, 0.0, 0.0, 1.0],
                [-0.221751, -0.297953, -0.928467, 0.061883, -0.908994, -0.28146, 0.307423, -1.844891, -0.352924, 0.912142, -0.208423, 0.609615, 0.0, 0.0, 0.0, 1.0],
                [-0.215988, -0.289886, -0.932371, 0.052227, -0.912795, -0.279056, 0.298216, -1.856148, -0.346633, 0.915474, -0.204334, 0.613956, 0.0, 0.0, 0.0, 1.0],
                [-0.209746, -0.281852, -0.936251, 0.042644, -0.916482, -0.276973, 0.288698, -1.866971, -0.340687, 0.91861, -0.200218, 0.618247, 0.0, 0.0, 0.0, 1.0],
                [-0.203122, -0.273913, -0.94006, 0.033218, -0.920028, -0.275175, 0.278974, -1.877347, -0.335095, 0.921548, -0.196114, 0.622458, 0.0, 0.0, 0.0, 1.0],
                [-0.196219, -0.266133, -0.943754, 0.02403, -0.92341, -0.273627, 0.26915, -1.887258, -0.329867, 0.924284, -0.192059, 0.626563, 0.0, 0.0, 0.0, 1.0],
                [-0.189141, -0.258572, -0.947294, 0.015155, -0.926604, -0.272302, 0.259337, -1.896677, -0.325008, 0.926818, -0.188091, 0.630531, 0.0, 0.0, 0.0, 1.0],
                [-0.181996, -0.251291, -0.950647, 0.006664, -0.929592, -0.271175, 0.249647, -1.905574, -0.320526, 0.929148, -0.184246, 0.634334, 0.0, 0.0, 0.0, 1.0],
                [-0.174894, -0.24435, -0.953784, -0.001378, -0.932355, -0.270223, 0.240193, -1.913915, -0.316426, 0.931274, -0.180561, 0.637946, 0.0, 0.0, 0.0, 1.0],
                [-0.167946, -0.237806, -0.956683, -0.008907, -0.934882, -0.269428, 0.231092, -1.921659, -0.312713, 0.933197, -0.177071, 0.641339, 0.0, 0.0, 0.0, 1.0],
                [-0.161267, -0.231717, -0.959323, -0.015868, -0.937161, -0.268774, 0.222462, -1.928766, -0.309389, 0.934916, -0.173811, 0.644485, 0.0, 0.0, 0.0, 1.0],
                [-0.154968, -0.226138, -0.961689, -0.022205, -0.939184, -0.268247, 0.214419, -1.935192, -0.306459, 0.936432, -0.170816, 0.647358, 0.0, 0.0, 0.0, 1.0],
                [-0.149163, -0.221126, -0.963771, -0.027866, -0.940948, -0.267834, 0.207082, -1.940892, -0.303922, 0.937746, -0.168117, 0.649932, 0.0, 0.0, 0.0, 1.0],
                [-0.14396, -0.216735, -0.965557, -0.032801, -0.942446, -0.267524, 0.200564, -1.945823, -0.301779, 0.938859, -0.165748, 0.65218, 0.0, 0.0, 0.0, 1.0],
                [-0.139472, -0.213019, -0.967042, -0.03696, -0.943678, -0.267304, 0.194984, -1.949939, -0.30003, 0.939772, -0.16374, 0.654077, 0.0, 0.0, 0.0, 1.0],
                [-0.135804, -0.210034, -0.968216, -0.040292, -0.944643, -0.267163, 0.190453, -1.9532, -0.298673, 0.940483, -0.162125, 0.655598, 0.0, 0.0, 0.0, 1.0],
                [-0.133062, -0.207833, -0.969072, -0.042744, -0.945338, -0.267086, 0.187084, -1.955567, -0.297708, 0.940994, -0.160934, 0.656716, 0.0, 0.0, 0.0, 1.0],
                [-0.131346, -0.206472, -0.969597, -0.044261, -0.94576, -0.267056, 0.184985, -1.957008, -0.297131, 0.941302, -0.160196, 0.657406, 0.0, 0.0, 0.0, 1.0],
                [-0.130753, -0.206006, -0.969776, -0.044781, -0.945902, -0.267051, 0.184263, -1.957493, -0.296939, 0.941406, -0.159943, 0.657642, 0.0, 0.0, 0.0, 1.0]
            ]
        },
        {
            "name": "Tool_s_R",
            "time": [0.0, 0.0167, 0.0333, 0.05, 0.0667, 0.0833, 0.1, 0.1167, 0.1333, 0.15, 0.1667, 0.1833, 0.2, 0.2167, 0.2333, 0.25, 0.2667, 0.2833, 0.3, 0.3167, 0.3333, 0.35, 0.3667, 0.3833, 0.4, 0.4167, 0.4333, 0.45, 0.4667, 0.4833, 0.5, 0.5167, 0.5333, 0.55, 0.5667, 0.5833, 0.6, 0.6167, 0.6333, 0.65, 0.6667, 0.6833, 0.7, 0.7167, 0.7333, 0.75, 0.7667, 0.7833, 0.8, 0.8167, 0.8333, 0.85, 0.8667, 0.8833, 0.9, 0.9167, 0.9333, 0.95, 0.9667, 0.9833, 1.0, 1.0167, 1.0333, 1.05, 1.0667, 1.0833, 1.1, 1.1167, 1.1333, 1.15, 1.1667, 1.1833, 1.2, 1.2167, 1.2333, 1.25, 1.2667, 1.2833, 1.3, 1.3167, 1.3333, 1.35, 1.3667, 1.3833, 1.4, 1.4167, 1.4333, 1.45, 1.4667, 1.4833, 1.5, 1.5167, 1.5333, 1.55, 1.5667, 1.5833, 1.6, 1.6167, 1.6333, 1.65, 1.6667, 1.6833, 1.7, 1.7167, 1.7333, 1.75, 1.7667, 1.7833, 1.8, 1.8167, 1.8333, 1.85, 1.8667, 1.8833, 1.9, 1.9167, 1.9333, 1.95, 1.9667, 1.9833, 2.0, 2.0167, 2.0333, 2.05, 2.0667, 2.0833, 2.1, 2.1167, 2.1333, 2.15, 2.1667, 2.1833, 2.2, 2.2167, 2.2333, 2.25, 2.2667, 2.2833, 2.3, 2.3167, 2.3333, 2.35, 2.3667, 2.3833, 2.4, 2.4167, 2.4333, 2.45, 2.4667, 2.4833, 2.5, 2.5167, 2.5333, 2.55, 2.5667, 2.5833, 2.6, 2.6167, 2.6333, 2.65, 2.6667, 2.6833, 2.7, 2.7167, 2.7333, 2.75, 2.7667, 2.7833, 2.8, 2.8167, 2.8333, 2.85, 2.8667, 2.8833, 2.9, 2.9167, 2.9333, 2.95, 2.9667, 2.9833, 3.0],
            "transform": [
                [0.592007, -0.379579, -0.710948, 0.300455, -0.580625, 0.410908, -0.702872, -0.560589, 0.55893, 0.8289, 0.022867, 0.897796, 0.0, 0.0, 0.0, 1.0],
                [0.601847, -0.386368, -0.698928, 0.30896, -0.574166, 0.398958, -0.714959, -0.559656, 0.555079, 0.831597, 0.018273, 0.892086, 0.0, 0.0, 0.0, 1.0],
                [0.629371, -0.405168, -0.663122, 0.333191, -0.554528, 0.363659, -0.748499, -0.556001, 0.544418, 0.838804, 0.0042, 0.875815, 0.0, 0.0, 0.0, 1.0],
                [0.670699, -0.432621, -0.602497, 0.370904, -0.520129, 0.304783, -0.797855, -0.547164, 0.5288, 0.848497, -0.020601, 0.850515, 0.0, 0.0, 0.0, 1.0],
                [0.720691, -0.463995, -0.515086, 0.419179, -0.468616, 0.221484, -0.855187, -0.529634, 0.510885, 0.857703, -0.057814, 0.818235, 0.0, 0.0, 0.0, 1.0],
                [0.772875, -0.493149, -0.399334, 0.474083, -0.397994, 0.113422, -0.910349, -0.499589, 0.494232, 0.862519, -0.10861, 0.781771, 0.0, 0.0, 0.0, 1.0],
                [0.819612, -0.512754, -0.255577, 0.530454, -0.307881, -0.017988, -0.951255, -0.453821, 0.483162, 0.858347, -0.172611, 0.744797, 0.0, 0.0, 0.0, 1.0],
                [0.852738, -0.514967, -0.087444, 0.581993, -0.200679, -0.168433, -0.965069, -0.390806, 0.482251, 0.840499, -0.246972, 0.711702, 0.0, 0.0, 0.0, 1.0],
                [0.864752, -0.492692, 0.097254, 0.621837, -0.082284, -0.330045, -0.940372, -0.3117, 0.495412, 0.805186, -0.325948, 0.687074, 0.0, 0.0, 0.0, 1.0],
                [0.850377, -0.441199, 0.28671, 0.643635, 0.038156, -0.491754, -0.869898, -0.220852, 0.524789, 0.750681, -0.401341, 0.67483, 0.0, 0.0, 0.0, 1.0],
                [0.807991, -0.359623, 0.466713, 0.6429, 0.149668, -0.640863, -0.752924, -0.125449, 0.569868, 0.678208, -0.463988, 0.677252, 0.0, 0.0, 0.0, 1.0],
                [0.740296, -0.251649, 0.623405, 0.618145, 0.241785, -0.765589, -0.596165, -0.034187, 0.627297, 0.592069, -0.505918, 0.694326, 0.0, 0.0, 0.0, 1.0],
                [0.653798, -0.124952, 0.74628, 0.57133, 0.306968, -0.857666, -0.412529, 0.044665, 0.691606, 0.498794, -0.522384, 0.723715, 0.0, 0.0, 0.0, 1.0],
                [0.557244, 0.010482, 0.830282, 0.507372, 0.342128, -0.913997, -0.21808, 0.105085, 0.756589, 0.405586, -0.512906, 0.761436, 0.0, 0.0, 0.0, 1.0],
                [0.459636, 0.14449, 0.876275, 0.432967, 0.348748, -0.936784, -0.028462, 0.144328, 0.816768, 0.318681, -0.48097, 0.802941, 0.0, 0.0, 0.0, 1.0],
                [0.36857, 0.268513, 0.889976, 0.355211, 0.33177, -0.932322, 0.143892, 0.162945, 0.868381, 0.242233, -0.43271, 0.844162, 0.0, 0.0, 0.0, 1.0],
                [0.28937, 0.376534, 0.880049, 0.28052, 0.29791, -0.90915, 0.291028, 0.164007, 0.909678, 0.177961, -0.375254, 0.88218, 0.0, 0.0, 0.0, 1.0],
                [0.225005, 0.465119, 0.856176, 0.21406, 0.254094, -0.876313, 0.409282, 0.152013, 0.940643, 0.125459, -0.315359, 0.915429, 0.0, 0.0, 0.0, 1.0],
                [0.176562, 0.532813, 0.827609, 0.159695, 0.20638, -0.842169, 0.498157, 0.131859, 0.96241, 0.082846, -0.258657, 0.943517, 0.0, 0.0, 0.0, 1.0],
                [0.143946, 0.57922, 0.802361, 0.120279, 0.15944, -0.813787, 0.558864, 0.10808, 0.976657, 0.047482, -0.209493, 0.96686, 0.0, 0.0, 0.0, 1.0],
                [0.126559, 0.603991, 0.786878, 0.098104, 0.116441, -0.796819, 0.592893, 0.084351, 0.985101, 0.016589, -0.171174, 0.986247, 0.0, 0.0, 0.0, 1.0],
                [0.12856, 0.582375, 0.802691, 0.115443, 0.082854, -0.812885, 0.576501, 0.055539, 0.988235, -0.007609, -0.152756, 0.995487, 0.0, 0.0, 0.0, 1.0],
                [0.148692, 0.498714, 0.853918, 0.183734, 0.058463, -0.86644, 0.495847, 0.009042, 0.987154, -0.023806, -0.157989, 0.99032, 0.0, 0.0, 0.0, 1.0],
                [0.180155, 0.363501, 0.914008, 0.284352, 0.035431, -0.931007, 0.363277, -0.070499, 0.983, -0.033062, -0.180605, 0.97342, 0.0, 0.0, 0.0, 1.0],
                [0.214581, 0.200316, 0.955943, 0.386196, 0.006737, -0.979023, 0.203639, -0.196466, 0.976683, -0.037257, -0.211429, 0.949336, 0.0, 0.0, 0.0, 1.0],
                [0.240445, 0.060505, 0.968775, 0.447269, -0.028894, -0.997167, 0.06945, -0.362735, 0.970233, -0.044691, -0.238016, 0.927545, 0.0, 0.0, 0.0, 1.0],
                [0.262884, -0.016408, 0.964688, 0.448562, -0.03371, -0.999401, -0.007812, -0.55677, 0.964238, -0.030466, -0.26328, 0.898551, 0.0, 0.0, 0.0, 1.0],
                [0.315407, -0.0584, 0.947158, 0.383963, -0.01694, -0.998292, -0.055912, -0.760776, 0.948805, 0.00159, -0.315858, 0.869997, 0.0, 0.0, 0.0, 1.0],
                [0.371569, -0.130104, 0.919244, 0.277505, -0.034735, -0.991387, -0.126275, -0.933155, 0.927755, 0.01499, -0.372888, 0.868404, 0.0, 0.0, 0.0, 1.0],
                [0.365528, -0.261965, 0.893176, 0.184437, -0.085899, -0.964978, -0.24787, -1.054635, 0.926828, 0.01388, -0.375229, 0.891171, 0.0, 0.0, 0.0, 1.0],
                [0.240654, -0.430373, 0.86998, 0.14968, -0.129858, -0.90254, -0.410559, -1.143115, 0.961885, -0.014171, -0.273087, 0.92676, 0.0, 0.0, 0.0, 1.0],
                [-0.039407, -0.663729, 0.746934, 0.185112, -0.175864, -0.731239, -0.659061, -1.249789, 0.983626, -0.157331, -0.08791, 0.977973, 0.0, 0.0, 0.0, 1.0],
                [-0.412313, -0.817322, 0.402471, 0.227579, -0.236747, -0.33047, -0.913641, -1.418352, 0.879744, -0.471991, -0.057242, 1.051365, 0.0, 0.0, 0.0, 1.0],
                [-0.721614, -0.688198, 0.075207, 0.222556, -0.29933, 0.212205, -0.930252, -1.615627, 0.624239, -0.693796, -0.359129, 1.087342, 0.0, 0.0, 0.0, 1.0],
                [-0.86437, -0.502739, 0.010888, 0.224042, -0.358801, 0.601435, -0.71382, -1.756252, 0.352317, -0.620911, -0.700245, 1.053216, 0.0, 0.0, 0.0, 1.0],
                [-0.882324, -0.468219, 0.047697, 0.269824, -0.416489, 0.729585, -0.542441, -1.813249, 0.219183, -0.498474, -0.838739, 1.02699, 0.0, 0.0, 0.0, 1.0],
                [-0.848916, -0.52379, 0.070625, 0.347597, -0.486841, 0.722927, -0.490269, -1.819115, 0.205741, -0.45058, -0.868705, 1.037472, 0.0, 0.0, 0.0, 1.0],
                [-0.78198, -0.615782, 0.096547, 0.454919, -0.582203, 0.666283, -0.465948, -1.790012, 0.222595, -0.420571, -0.879529, 1.061996, 0.0, 0.0, 0.0, 1.0],
                [-0.674873, -0.726586, 0.12892, 0.58171, -0.686725, 0.554435, -0.470117, -1.717438, 0.270103, -0.405802, -0.873138, 1.096844, 0.0, 0.0, 0.0, 1.0],
                [-0.52361, -0.833266, 0.177487, 0.712977, -0.778289, 0.383096, -0.497497, -1.593474, 0.346553, -0.39863, -0.849114, 1.135234, 0.0, 0.0, 0.0, 1.0],
                [-0.332853, -0.908239, 0.253596, 0.828264, -0.830799, 0.155235, -0.534485, -1.415611, 0.446074, -0.388592, -0.806235, 1.168258, 0.0, 0.0, 0.0, 1.0],
                [-0.120371, -0.923864, 0.363299, 0.904412, -0.82125, -0.11293, -0.559281, -1.192053, 0.557727, -0.36568, -0.74513, 1.187001, 0.0, 0.0, 0.0, 1.0],
                [0.084312, -0.86151, 0.500692, 0.922513, -0.740007, -0.390636, -0.547534, -0.944078, 0.667294, -0.324352, -0.670459, 1.185657, 0.0, 0.0, 0.0, 1.0],
                [0.249409, -0.720903, 0.646602, 0.876244, -0.597934, -0.639863, -0.482753, -0.701802, 0.761755, -0.266222, -0.59064, 1.164107, 0.0, 0.0, 0.0, 1.0],
                [0.354066, -0.522408, 0.775711, 0.775688, -0.42346, -0.829096, -0.365077, -0.493883, 0.833858, -0.199221, -0.514773, 1.127938, 0.0, 0.0, 0.0, 1.0],
