{
    "animation": [
        {
            "name": "Tool_s_L",
            "time": [0.0, 0.0167, 0.0333, 0.05, 0.0667, 0.0833, 0.1, 0.1167, 0.1333, 0.15, 0.1667, 0.1833, 0.2, 0.2167, 0.2333, 0.25, 0.2667, 0.2833, 0.3, 0.3167, 0.3333, 0.35, 0.3667, 0.3833, 0.4, 0.4167, 0.4333, 0.45, 0.4667, 0.4833, 0.5, 0.5167, 0.5333, 0.55, 0.5667, 0.5833, 0.6, 0.6167, 0.6333, 0.65, 0.6667, 0.6833, 0.7, 0.7167, 0.7333, 0.75, 0.7667, 0.7833, 0.8, 0.8167, 0.8333, 0.85, 0.8667, 0.8833, 0.9, 0.9167, 0.9333, 0.95, 0.9667, 0.9833, 1.0, 1.0167, 1.0333, 1.05, 1.0667, 1.0833, 1.1, 1.1167, 1.1333, 1.15, 1.1667, 1.1833, 1.2, 1.2167, 1.2333, 1.25, 1.2667, 1.2833, 1.3, 1.3167, 1.3333, 1.35, 1.3667, 1.3833, 1.4, 1.4167, 1.4333, 1.45, 1.4667, 1.4833, 1.5, 1.5167, 1.5333, 1.55, 1.5667, 1.5833, 1.6, 1.6167, 1.6333, 1.65, 1.6667, 1.6833, 1.7, 1.7167, 1.7333, 1.75, 1.7667, 1.7833, 1.8, 1.8167, 1.8333],
            "transform": [
                [0.014836, -0.069748, -0.997454, -0.269391, -0.241152, -0.968366, 0.064127, 1.140624, -0.970374, 0.239587, -0.031187, 0.546042, 0.0, 0.0, 0.0, 1.0],
                [0.015012, -0.069972, -0.997436, -0.269695, -0.240249, -0.968577, 0.064332, 1.168853, -0.970595, 0.238667, -0.031351, 0.545772, 0.0, 0.0, 0.0, 1.0],
                [0.015502, -0.070585, -0.997385, -0.270576, -0.237669, -0.969176, 0.064895, 1.250479, -0.971222, 0.236042, -0.0318, 0.544981, 0.0, 0.0, 0.0, 1.0],
                [0.016248, -0.071496, -0.997308, -0.271989, -0.233608, -0.970105, 0.065739, 1.380907, -0.972195, 0.231911, -0.032464, 0.543687, 0.0, 0.0, 0.0, 1.0],
                [0.017192, -0.072605, -0.997213, -0.273887, -0.228258, -0.971307, 0.066784, 1.555546, -0.973449, 0.226473, -0.033271, 0.541893, 0.0, 0.0, 0.0, 1.0],
                [0.018276, -0.073814, -0.997104, -0.276221, -0.22181, -0.972719, 0.067944, 1.769804, -0.974918, 0.219926, -0.03415, 0.5396, 0.0, 0.0, 0.0, 1.0],
                [0.019441, -0.075026, -0.996992, -0.278942, -0.21446, -0.974283, 0.069135, 2.019094, -0.976539, 0.212471, -0.035031, 0.536807, 0.0, 0.0, 0.0, 1.0],
                [0.02063, -0.076144, -0.996883, -0.282, -0.206409, -0.975939, 0.070272, 2.298828, -0.978248, 0.204315, -0.035851, 0.533521, 0.0, 0.0, 0.0, 1.0],
                [0.02179, -0.077075, -0.996787, -0.285347, -0.19786, -0.977636, 0.071269, 2.604426, -0.979988, 0.195671, -0.036553, 0.529755, 0.0, 0.0, 0.0, 1.0],
                [0.022869, -0.077733, -0.996712, -0.288936, -0.189024, -0.979326, 0.07204, 2.931304, -0.981706, 0.186755, -0.03709, 0.525542, 0.0, 0.0, 0.0, 1.0],
                [0.02382, -0.078035, -0.996666, -0.292721, -0.180118, -0.980969, 0.072501, 3.274884, -0.983356, 0.17779, -0.037422, 0.520926, 0.0, 0.0, 0.0, 1.0],
                [0.024598, -0.077908, -0.996657, -0.296659, -0.171361, -0.982532, 0.072574, 3.630584, -0.984901, 0.169002, -0.037519, 0.515972, 0.0, 0.0, 0.0, 1.0],
                [0.025166, -0.077282, -0.996692, -0.300712, -0.162975, -0.983986, 0.072182, 3.993818, -0.986309, 0.160619, -0.037358, 0.510764, 0.0, 0.0, 0.0, 1.0],
                [0.025486, -0.076098, -0.996775, -0.304846, -0.155185, -0.985312, 0.071255, 4.359997, -0.987556, 0.152868, -0.036921, 0.505405, 0.0, 0.0, 0.0, 1.0],
                [0.025527, -0.074298, -0.996909, -0.30903, -0.148213, -0.986494, 0.069726, 4.724524, -0.988625, 0.145975, -0.036194, 0.500015, 0.0, 0.0, 0.0, 1.0],
                [0.02526, -0.071832, -0.997097, -0.313239, -0.142284, -0.987519, 0.067537, 5.082796, -0.989503, 0.140164, -0.035166, 0.49473, 0.0, 0.0, 0.0, 1.0],
                [0.024658, -0.068652, -0.997336, -0.31745, -0.137614, -0.988375, 0.064633, 5.430203, -0.990179, 0.135654, -0.033819, 0.489697, 0.0, 0.0, 0.0, 1.0],
                [0.023692, -0.064713, -0.997623, -0.321645, -0.134419, -0.989047, 0.060964, 5.762122, -0.990641, 0.132656, -0.032131, 0.485075, 0.0, 0.0, 0.0, 1.0],
                [0.022331, -0.059966, -0.99795, -0.325805, -0.132912, -0.989517, 0.056485, 6.073935, -0.990876, 0.131378, -0.030067, 0.481024, 0.0, 0.0, 0.0, 1.0],
                [0.020539, -0.054364, -0.99831, -0.329914, -0.133297, -0.989755, 0.051156, 6.361011, -0.990863, 0.132021, -0.027575, 0.477704, 0.0, 0.0, 0.0, 1.0],
                [0.018271, -0.047852, -0.998687, -0.33395, -0.135779, -0.989719, 0.044939, 6.61872, -0.990571, 0.134779, -0.024581, 0.475271, 0.0, 0.0, 0.0, 1.0],
                [0.015782, -0.040749, -0.999045, -0.337951, -0.140144, -0.989396, 0.038141, 6.85365, -0.990005, 0.139408, -0.021325, 0.473002, 0.0, 0.0, 0.0, 1.0],
                [0.013355, -0.033426, -0.999352, -0.341963, -0.146001, -0.988795, 0.031122, 7.075742, -0.989194, 0.145491, -0.018085, 0.470111, 0.0, 0.0, 0.0, 1.0],
                [0.010984, -0.025902, -0.999604, -0.345977, -0.153279, -0.987894, 0.023915, 7.285385, -0.988122, 0.152955, -0.014822, 0.466643, 0.0, 0.0, 0.0, 1.0],
                [0.008666, -0.018196, -0.999797, -0.349984, -0.161901, -0.986668, 0.016553, 7.48297, -0.986769, 0.161725, -0.011496, 0.462644, 0.0, 0.0, 0.0, 1.0],
                [0.006393, -0.010323, -0.999926, -0.353974, -0.171794, -0.985091, 0.009072, 7.668887, -0.985112, 0.171723, -0.008071, 0.458158, 0.0, 0.0, 0.0, 1.0],
                [0.004161, -0.002301, -0.999988, -0.357938, -0.18288, -0.983134, 0.001501, 7.843522, -0.983126, 0.182871, -0.004511, 0.453226, 0.0, 0.0, 0.0, 1.0],
                [0.001963, 0.005855, -0.999981, -0.361868, -0.195081, -0.980768, -0.006125, 8.007265, -0.980785, 0.195089, -0.000783, 0.44789, 0.0, 0.0, 0.0, 1.0],
                [-0.000206, 0.01413, -0.9999, -0.365756, -0.20832, -0.977963, -0.013777, 8.160503, -0.978061, 0.208296, 0.003145, 0.44219, 0.0, 0.0, 0.0, 1.0],
                [-0.002352, 0.022507, -0.999744, -0.369592, -0.222515, -0.974694, -0.021419, 8.303625, -0.974927, 0.222407, 0.0073, 0.436169, 0.0, 0.0, 0.0, 1.0],
                [-0.00448, 0.030973, -0.99951, -0.373369, -0.237585, -0.970933, -0.029023, 8.437017, -0.971356, 0.237339, 0.011708, 0.429866, 0.0, 0.0, 0.0, 1.0],
                [-0.006595, 0.039512, -0.999197, -0.377078, -0.253449, -0.966658, -0.036553, 8.561073, -0.967326, 0.253004, 0.01639, 0.423323, 0.0, 0.0, 0.0, 1.0],
                [-0.008704, 0.04811, -0.998804, -0.380712, -0.270022, -0.961849, -0.043976, 8.676188, -0.962814, 0.269316, 0.021363, 0.416582, 0.0, 0.0, 0.0, 1.0],
                [-0.010812, 0.056751, -0.99833, -0.384262, -0.287222, -0.956491, -0.051262, 8.782748, -0.957803, 0.286188, 0.026642, 0.409686, 0.0, 0.0, 0.0, 1.0],
                [-0.012924, 0.065419, -0.997774, -0.387719, -0.304962, -0.950573, -0.058375, 8.881154, -0.952276, 0.303529, 0.032236, 0.402676, 0.0, 0.0, 0.0, 1.0],
                [-0.015044, 0.074101, -0.997137, -0.391076, -0.32316, -0.944089, -0.065283, 8.971805, -0.946225, 0.321253, 0.038149, 0.395598, 0.0, 0.0, 0.0, 1.0],
                [-0.017177, 0.082779, -0.99642, -0.394323, -0.341731, -0.937039, -0.071955, 9.055102, -0.939641, 0.339271, 0.044384, 0.388495, 0.0, 0.0, 0.0, 1.0],
                [-0.019328, 0.091438, -0.995623, -0.397453, -0.360589, -0.929427, -0.078358, 9.131452, -0.932524, 0.357497, 0.050936, 0.381413, 0.0, 0.0, 0.0, 1.0],
                [-0.021501, 0.10006, -0.994749, -0.400455, -0.379653, -0.921265, -0.084463, 9.201257, -0.924879, 0.375843, 0.057796, 0.374398, 0.0, 0.0, 0.0, 1.0],
                [-0.023699, 0.108629, -0.9938, -0.403321, -0.39884, -0.91257, -0.090239, 9.264935, -0.916714, 0.394228, 0.064952, 0.367494, 0.0, 0.0, 0.0, 1.0],
                [-0.025927, 0.117125, -0.992779, -0.406042, -0.418069, -0.903364, -0.095658, 9.322895, -0.908045, 0.41257, 0.072388, 0.360749, 0.0, 0.0, 0.0, 1.0],
                [-0.028188, 0.125531, -0.991689, -0.408606, -0.437263, -0.893678, -0.100696, 9.375559, -0.898892, 0.43079, 0.080081, 0.354209, 0.0, 0.0, 0.0, 1.0],
                [-0.030486, 0.133826, -0.990536, -0.411004, -0.456345, -0.883547, -0.105327, 9.42335, -0.88928, 0.448815, 0.088007, 0.347919, 0.0, 0.0, 0.0, 1.0],
                [-0.032824, 0.14199, -0.989324, -0.413226, -0.475242, -0.873011, -0.109529, 9.466692, -0.879242, 0.466573, 0.096135, 0.341926, 0.0, 0.0, 0.0, 1.0],
                [-0.035205, 0.150002, -0.988059, -0.415259, -0.493883, -0.862117, -0.113285, 9.506008, -0.868815, 0.483997, 0.104434, 0.336274, 0.0, 0.0, 0.0, 1.0],
                [-0.037633, 0.157839, -0.986747, -0.417093, -0.512203, -0.850915, -0.116577, 9.541742, -0.858039, 0.501028, 0.112868, 0.331008, 0.0, 0.0, 0.0, 1.0],
                [-0.040109, 0.165477, -0.985397, -0.418714, -0.530137, -0.839464, -0.119392, 9.574321, -0.846963, 0.517607, 0.121396, 0.326172, 0.0, 0.0, 0.0, 1.0],
                [-0.04264, 0.172892, -0.984017, -0.420109, -0.547626, -0.827822, -0.121719, 9.604188, -0.835636, 0.533684, 0.129979, 0.321806, 0.0, 0.0, 0.0, 1.0],
                [-0.045225, 0.18006, -0.982615, -0.421267, -0.564617, -0.816053, -0.123552, 9.631783, -0.824114, 0.549213, 0.138571, 0.317955, 0.0, 0.0, 0.0, 1.0],
                [-0.04787, 0.186952, -0.981202, -0.422171, -0.581056, -0.804225, -0.124884, 9.657548, -0.812455, 0.564154, 0.147128, 0.314656, 0.0, 0.0, 0.0, 1.0],
                [-0.050577, 0.193542, -0.979787, -0.422808, -0.596898, -0.792406, -0.125716, 9.681931, -0.800721, 0.578474, 0.155602, 0.311947, 0.0, 0.0, 0.0, 1.0],
                [-0.05335, 0.199801, -0.978383, -0.423162, -0.6121, -0.78067, -0.126048, 9.705385, -0.788979, 0.592143, 0.163946, 0.309868, 0.0, 0.0, 0.0, 1.0],
                [-0.056192, 0.205697, -0.977001, -0.423215, -0.626624, -0.769088, -0.125883, 9.728363, -0.777293, 0.605138, 0.172111, 0.308452, 0.0, 0.0, 0.0, 1.0],
                [-0.059107, 0.211201, -0.975654, -0.422952, -0.640435, -0.757734, -0.125229, 9.751305, -0.765734, 0.617441, 0.180048, 0.307733, 0.0, 0.0, 0.0, 1.0],
                [-0.062098, 0.216279, -0.974354, -0.422354, -0.653503, -0.746682, -0.124093, 9.774673, -0.754372, 0.629038, 0.187707, 0.307746, 0.0, 0.0, 0.0, 1.0],
                [-0.06517, 0.220898, -0.973117, -0.421403, -0.6658, -0.736008, -0.122485, 9.798922, -0.743278, 0.639919, 0.19504, 0.30852, 0.0, 0.0, 0.0, 1.0],
                [-0.068326, 0.225021, -0.971955, -0.420078, -0.677303, -0.725782, -0.120416, 9.824504, -0.732524, 0.650081, 0.201998, 0.310087, 0.0, 0.0, 0.0, 1.0],
                [-0.07157, 0.228614, -0.970883, -0.418359, -0.687991, -0.716079, -0.117898, 9.851879, -0.722182, 0.65952, 0.208534, 0.312476, 0.0, 0.0, 0.0, 1.0],
                [-0.074907, 0.231636, -0.969914, -0.416225, -0.697842, -0.706967, -0.114944, 9.881494, -0.712323, 0.668237, 0.214603, 0.315716, 0.0, 0.0, 0.0, 1.0],
                [-0.07834, 0.234049, -0.969063, -0.413653, -0.706844, -0.698516, -0.111565, 9.913805, -0.703018, 0.676236, 0.220158, 0.319835, 0.0, 0.0, 0.0, 1.0],
                [-0.081871, 0.235812, -0.968344, -0.410619, -0.714978, -0.69079, -0.107772, 9.949273, -0.694337, 0.683521, 0.225156, 0.324861, 0.0, 0.0, 0.0, 1.0],
                [-0.086281, 0.236918, -0.967691, -0.40677, -0.725073, -0.681062, -0.102094, 9.988448, -0.683245, 0.692838, 0.230546, 0.329345, 0.0, 0.0, 0.0, 1.0],
                [-0.092217, 0.237409, -0.967023, -0.401815, -0.739433, -0.666751, -0.093177, 10.031014, -0.666884, 0.706456, 0.237034, 0.331913, 0.0, 0.0, 0.0, 1.0],
                [-0.09949, 0.23732, -0.966323, -0.395817, -0.757218, -0.648094, -0.081205, 10.076118, -0.645541, 0.723638, 0.244182, 0.332696, 0.0, 0.0, 0.0, 1.0],
                [-0.107911, 0.236691, -0.965574, -0.388842, -0.77756, -0.625295, -0.06638, 10.122878, -0.61948, 0.743628, 0.251517, 0.331821, 0.0, 0.0, 0.0, 1.0],
                [-0.11729, 0.235556, -0.964757, -0.380953, -0.799573, -0.598572, -0.048941, 10.170413, -0.589005, 0.765653, 0.258551, 0.329422, 0.0, 0.0, 0.0, 1.0],
                [-0.127434, 0.23394, -0.963863, -0.372214, -0.822376, -0.568195, -0.029179, 10.217854, -0.554489, 0.78894, 0.264794, 0.325656, 0.0, 0.0, 0.0, 1.0],
                [-0.138148, 0.231847, -0.962893, -0.362687, -0.845123, -0.53452, -0.007451, 10.264335, -0.516413, 0.812733, 0.269782, 0.32071, 0.0, 0.0, 0.0, 1.0],
                [-0.149235, 0.229257, -0.961857, -0.352434, -0.867025, -0.498012, 0.015821, 10.309015, -0.475389, 0.836316, 0.273093, 0.314811, 0.0, 0.0, 0.0, 1.0],
                [-0.160506, 0.226123, -0.960784, -0.341514, -0.887395, -0.459257, 0.040159, 10.351101, -0.432166, 0.859041, 0.274374, 0.308226, 0.0, 0.0, 0.0, 1.0],
                [-0.17178, 0.222366, -0.959711, -0.329983, -0.90567, -0.418965, 0.065032, 10.389842, -0.387624, 0.880353, 0.27336, 0.301266, 0.0, 0.0, 0.0, 1.0],
                [-0.182888, 0.217878, -0.958687, -0.317888, -0.921449, -0.377956, 0.089888, 10.425574, -0.342757, 0.899821, 0.269887, 0.294275, 0.0, 0.0, 0.0, 1.0],
                [-0.193686, 0.21252, -0.957769, -0.305274, -0.934504, -0.337147, 0.114172, 10.459204, -0.298645, 0.917152, 0.263901, 0.28763, 0.0, 0.0, 0.0, 1.0],
                [-0.204047, 0.20613, -0.957013, -0.292176, -0.944784, -0.297516, 0.137358, 10.490879, -0.256413, 0.932198, 0.255456, 0.281726, 0.0, 0.0, 0.0, 1.0],
                [-0.213867, 0.198529, -0.956476, -0.278626, -0.95241, -0.260081, 0.158975, 10.52083, -0.2172, 0.944957, 0.244704, 0.276976, 0.0, 0.0, 0.0, 1.0],
                [-0.223059, 0.189522, -0.956204, -0.264651, -0.957641, -0.225866, 0.178627, 10.549322, -0.18212, 0.955544, 0.231876, 0.273795, 0.0, 0.0, 0.0, 1.0],
                [-0.231546, 0.178913, -0.95623, -0.250279, -0.960837, -0.195885, 0.196011, 10.57667, -0.152242, 0.964167, 0.217263, 0.272611, 0.0, 0.0, 0.0, 1.0],
                [-0.239253, 0.166504, -0.956574, -0.235543, -0.962407, -0.171122, 0.210926, 10.603191, -0.128571, 0.971078, 0.201186, 0.273855, 0.0, 0.0, 0.0, 1.0],
                [-0.246093, 0.152106, -0.957237, -0.220486, -0.962748, -0.152532, 0.223273, 10.629221, -0.112049, 0.976523, 0.183977, 0.277978, 0.0, 0.0, 0.0, 1.0],
                [-0.251955, 0.135542, -0.9582, -0.205168, -0.962182, -0.141043, 0.23305, 10.655057, -0.10356, 0.98068, 0.165953, 0.285459, 0.0, 0.0, 0.0, 1.0],
                [-0.256684, 0.116659, -0.959429, -0.189678, -0.96089, -0.137561, 0.240349, 10.680941, -0.103941, 0.983599, 0.147406, 0.296818, 0.0, 0.0, 0.0, 1.0],
                [-0.260024, 0.096636, -0.960754, -0.174488, -0.959386, -0.138572, 0.245716, 10.706149, -0.109388, 0.985626, 0.128743, 0.310567, 0.0, 0.0, 0.0, 1.0],
                [-0.261923, 0.076802, -0.962028, -0.160007, -0.958152, -0.139997, 0.249691, 10.729896, -0.115504, 0.987169, 0.110256, 0.32481, 0.0, 0.0, 0.0, 1.0],
                [-0.262487, 0.05724, -0.963236, -0.146253, -0.957165, -0.14187, 0.252402, 10.752239, -0.122207, 0.988229, 0.092027, 0.339496, 0.0, 0.0, 0.0, 1.0],
                [-0.261824, 0.038031, -0.964366, -0.133239, -0.956399, -0.144216, 0.253974, 10.773244, -0.129419, 0.988815, 0.074132, 0.354569, 0.0, 0.0, 0.0, 1.0],
                [-0.260041, 0.019253, -0.965406, -0.12097, -0.95582, -0.14705, 0.254527, 10.792962, -0.137063, 0.988941, 0.056641, 0.369969, 0.0, 0.0, 0.0, 1.0],
                [-0.257244, 0.000981, -0.966346, -0.109451, -0.955396, -0.150375, 0.254176, 10.811446, -0.145065, 0.988628, 0.03962, 0.385634, 0.0, 0.0, 0.0, 1.0],
                [-0.253538, -0.016717, -0.967181, -0.09868, -0.955091, -0.154187, 0.253034, 10.828733, -0.153357, 0.9879, 0.023126, 0.4015, 0.0, 0.0, 0.0, 1.0],
                [-0.249028, -0.033776, -0.967907, -0.088649, -0.954873, -0.158471, 0.251205, 10.844871, -0.16187, 0.986785, 0.007212, 0.4175, 0.0, 0.0, 0.0, 1.0],
                [-0.243819, -0.050139, -0.968524, -0.079349, -0.954709, -0.163203, 0.24879, 10.859886, -0.17054, 0.985318, -0.008076, 0.433565, 0.0, 0.0, 0.0, 1.0],
                [-0.238012, -0.065756, -0.969034, -0.070763, -0.954568, -0.16835, 0.245883, 10.873816, -0.179305, 0.983531, -0.022699, 0.449623, 0.0, 0.0, 0.0, 1.0],
                [-0.231709, -0.080582, -0.969442, -0.062874, -0.954425, -0.173872, 0.242573, 10.886698, -0.188105, 0.981466, -0.036622, 0.465605, 0.0, 0.0, 0.0, 1.0],
                [-0.22501, -0.094583, -0.969755, -0.055659, -0.954257, -0.179721, 0.238943, 10.898559, -0.196885, 0.97916, -0.049817, 0.481436, 0.0, 0.0, 0.0, 1.0],
                [-0.218011, -0.107731, -0.969982, -0.049092, -0.954046, -0.185844, 0.235071, 10.909434, -0.205589, 0.976655, -0.062265, 0.497044, 0.0, 0.0, 0.0, 1.0],
                [-0.210807, -0.120007, -0.970133, -0.043146, -0.953778, -0.192182, 0.231026, 10.919353, -0.214167, 0.973994, -0.073947, 0.512355, 0.0, 0.0, 0.0, 1.0],
                [-0.203487, -0.1314, -0.97022, -0.037791, -0.953445, -0.198672, 0.226875, 10.928351, -0.222567, 0.971217, -0.084855, 0.527295, 0.0, 0.0, 0.0, 1.0],
                [-0.196139, -0.141904, -0.970254, -0.032996, -0.953041, -0.205248, 0.222678, 10.936462, -0.230742, 0.968368, -0.094983, 0.541791, 0.0, 0.0, 0.0, 1.0],
                [-0.188848, -0.151524, -0.970245, -0.028728, -0.952567, -0.211841, 0.218491, 10.943726, -0.238644, 0.965486, -0.104331, 0.55577, 0.0, 0.0, 0.0, 1.0],
                [-0.181692, -0.160269, -0.970207, -0.024956, -0.952028, -0.218381, 0.214362, 10.950171, -0.24623, 0.962613, -0.112903, 0.569156, 0.0, 0.0, 0.0, 1.0],
                [-0.174747, -0.168155, -0.970148, -0.021646, -0.951432, -0.224796, 0.21034, 10.955847, -0.253455, 0.959786, -0.120705, 0.58188, 0.0, 0.0, 0.0, 1.0],
                [-0.168086, -0.175202, -0.970078, -0.018768, -0.950791, -0.231015, 0.206467, 10.960789, -0.260276, 0.957045, -0.127751, 0.593866, 0.0, 0.0, 0.0, 1.0],
                [-0.161775, -0.181437, -0.970005, -0.01629, -0.950119, -0.236966, 0.202782, 10.965044, -0.26665, 0.954425, -0.134051, 0.605045, 0.0, 0.0, 0.0, 1.0],
                [-0.15588, -0.186887, -0.969935, -0.014181, -0.949434, -0.242577, 0.199325, 10.968654, -0.272535, 0.95196, -0.139624, 0.615344, 0.0, 0.0, 0.0, 1.0],
                [-0.150462, -0.191583, -0.969875, -0.012413, -0.948756, -0.24778, 0.196131, 10.971667, -0.277891, 0.949684, -0.144484, 0.624692, 0.0, 0.0, 0.0, 1.0],
                [-0.145582, -0.195559, -0.969826, -0.010959, -0.948104, -0.252503, 0.193237, 10.974127, -0.282673, 0.947628, -0.148651, 0.633019, 0.0, 0.0, 0.0, 1.0],
                [-0.141295, -0.198847, -0.969791, -0.009793, -0.9475, -0.25668, 0.190677, 10.976084, -0.286841, 0.94582, -0.152141, 0.640255, 0.0, 0.0, 0.0, 1.0],
                [-0.137659, -0.20148, -0.969771, -0.008889, -0.946966, -0.260243, 0.18849, 10.977582, -0.290353, 0.944287, -0.15497, 0.646331, 0.0, 0.0, 0.0, 1.0],
                [-0.134728, -0.203487, -0.969763, -0.008224, -0.946521, -0.263126, 0.186711, 10.97867, -0.293164, 0.943057, -0.157154, 0.651176, 0.0, 0.0, 0.0, 1.0],
                [-0.132561, -0.204897, -0.969765, -0.007775, -0.946185, -0.265265, 0.185385, 10.979396, -0.295229, 0.942153, -0.158707, 0.654722, 0.0, 0.0, 0.0, 1.0],
                [-0.131216, -0.20573, -0.969772, -0.007521, -0.945975, -0.266594, 0.184552, 10.979798, -0.296503, 0.941596, -0.159634, 0.656901, 0.0, 0.0, 0.0, 1.0],
                [-0.130753, -0.206006, -0.969776, -0.007441, -0.945902, -0.267051, 0.184263, 10.979924, -0.296939, 0.941406, -0.159943, 0.657642, 0.0, 0.0, 0.0, 1.0]
            ]
        },
        {
            "name": "Tool_s_R",
            "time": [0.0, 0.0167, 0.0333, 0.05, 0.0667, 0.0833, 0.1, 0.1167, 0.1333, 0.15, 0.1667, 0.1833, 0.2, 0.2167, 0.2333, 0.25, 0.2667, 0.2833, 0.3, 0.3167, 0.3333, 0.35, 0.3667, 0.3833, 0.4, 0.4167, 0.4333, 0.45, 0.4667, 0.4833, 0.5, 0.5167, 0.5333, 0.55, 0.5667, 0.5833, 0.6, 0.6167, 0.6333, 0.65, 0.6667, 0.6833, 0.7, 0.7167, 0.7333, 0.75, 0.7667, 0.7833, 0.8, 0.8167, 0.8333, 0.85, 0.8667, 0.8833, 0.9, 0.9167, 0.9333, 0.95, 0.9667, 0.9833, 1.0, 1.0167, 1.0333, 1.05, 1.0667, 1.0833, 1.1, 1.1167, 1.1333, 1.15, 1.1667, 1.1833, 1.2, 1.2167, 1.2333, 1.25, 1.2667, 1.2833, 1.3, 1.3167, 1.3333, 1.35, 1.3667, 1.3833, 1.4, 1.4167, 1.4333, 1.45, 1.4667, 1.4833, 1.5, 1.5167, 1.5333, 1.55, 1.5667, 1.5833, 1.6, 1.6167, 1.6333, 1.65, 1.6667, 1.6833, 1.7, 1.7167, 1.7333, 1.75, 1.7667, 1.7833, 1.8, 1.8167, 1.8333],
            "transform": [
                [0.694847, -0.719045, -0.012757, 0.731118, -0.192357, -0.168732, -0.96671, 0.095266, 0.692955, 0.674169, -0.255557, 0.170089, 0.0, 0.0, 0.0, 1.0],
                [0.692519, -0.721309, -0.01148, 0.732382, -0.192737, -0.169663, -0.966471, 0.124346, 0.695176, 0.671512, -0.256518, 0.170283, 0.0, 0.0, 0.0, 1.0],
                [0.685802, -0.727746, -0.007822, 0.735978, -0.193865, -0.172312, -0.965777, 0.208409, 0.701493, 0.663848, -0.259256, 0.170864, 0.0, 0.0, 0.0, 1.0],
                [0.675041, -0.737778, -0.002057, 0.741597, -0.195771, -0.176433, -0.964648, 0.342683, 0.711333, 0.651579, -0.263535, 0.171855, 0.0, 0.0, 0.0, 1.0],
                [0.660534, -0.750776, 0.005524, 0.748903, -0.198522, -0.181747, -0.963098, 0.522385, 0.724075, 0.635062, -0.269095, 0.173303, 0.0, 0.0, 0.0, 1.0],
                [0.642573, -0.766085, 0.014627, 0.757545, -0.202199, -0.18795, -0.96114, 0.742723, 0.739064, 0.614645, -0.275674, 0.175256, 0.0, 0.0, 0.0, 1.0],
                [0.621464, -0.783045, 0.024951, 0.767172, -0.20687, -0.194733, -0.958793, 0.998899, 0.755637, 0.590694, -0.283008, 0.177755, 0.0, 0.0, 0.0, 1.0],
                [0.597559, -0.801008, 0.036202, 0.777433, -0.212568, -0.201789, -0.956083, 1.286117, 0.773135, 0.563621, -0.290849, 0.180821, 0.0, 0.0, 0.0, 1.0],
                [0.571265, -0.819355, 0.048093, 0.787998, -0.219283, -0.208827, -0.953051, 1.599581, 0.790931, 0.533899, -0.298966, 0.184446, 0.0, 0.0, 0.0, 1.0],
                [0.543061, -0.837522, 0.060351, 0.798554, -0.226945, -0.215592, -0.949745, 1.934504, 0.808444, 0.502073, -0.307151, 0.188594, 0.0, 0.0, 0.0, 1.0],
                [0.513492, -0.855007, 0.072726, 0.808828, -0.235426, -0.221875, -0.946227, 2.286116, 0.825167, 0.468758, -0.315222, 0.193194, 0.0, 0.0, 0.0, 1.0],
                [0.48317, -0.871392, 0.08499, 0.818582, -0.244538, -0.227524, -0.942568, 2.649665, 0.840683, 0.434638, -0.323021, 0.198146, 0.0, 0.0, 0.0, 1.0],
                [0.452767, -0.886343, 0.096946, 0.827625, -0.25404, -0.232459, -0.938843, 3.020421, 0.854673, 0.400449, -0.330416, 0.203329, 0.0, 0.0, 0.0, 1.0],
                [0.422994, -0.899622, 0.108425, 0.835813, -0.26365, -0.236671, -0.935134, 3.393684, 0.866928, 0.36697, -0.337296, 0.208604, 0.0, 0.0, 0.0, 1.0],
                [0.394597, -0.911079, 0.119286, 0.843047, -0.273055, -0.240226, -0.931522, 3.764778, 0.877345, 0.335004, -0.343566, 0.213822, 0.0, 0.0, 0.0, 1.0],
                [0.368335, -0.920642, 0.129417, 0.849269, -0.281921, -0.243256, -0.928088, 4.129055, 0.885918, 0.305362, -0.349148, 0.218835, 0.0, 0.0, 0.0, 1.0],
                [0.344973, -0.928305, 0.138723, 0.854456, -0.289909, -0.245951, -0.924911, 4.481887, 0.892718, 0.278852, -0.353971, 0.223495, 0.0, 0.0, 0.0, 1.0],
                [0.325266, -0.934107, 0.147128, 0.858607, -0.296681, -0.248539, -0.922067, 4.818659, 0.897876, 0.256267, -0.357974, 0.227662, 0.0, 0.0, 0.0, 1.0],
                [0.309962, -0.938102, 0.154556, 0.86173, -0.301906, -0.251267, -0.919629, 5.134771, 0.901541, 0.238389, -0.361102, 0.231202, 0.0, 0.0, 0.0, 1.0],
                [0.299788, -0.940335, 0.160929, 0.863827, -0.305263, -0.25437, -0.917666, 5.425613, 0.903849, 0.22598, -0.363306, 0.233984, 0.0, 0.0, 0.0, 1.0],
                [0.295455, -0.940798, 0.166147, 0.864878, -0.306445, -0.258049, -0.916243, 5.686572, 0.904874, 0.219794, -0.364545, 0.235877, 0.0, 0.0, 0.0, 1.0],
                [0.295877, -0.939831, 0.170807, 0.865138, -0.30581, -0.262598, -0.915162, 5.924707, 0.904951, 0.218541, -0.365107, 0.236787, 0.0, 0.0, 0.0, 1.0],
                [0.2994, -0.937836, 0.175566, 0.864908, -0.303936, -0.268166, -0.914172, 6.15043, 0.904424, 0.220342, -0.365331, 0.236736, 0.0, 0.0, 0.0, 1.0],
                [0.305873, -0.934827, 0.18039, 0.864189, -0.300855, -0.274668, -0.91326, 6.364109, 0.903287, 0.225071, -0.365261, 0.235769, 0.0, 0.0, 0.0, 1.0],
                [0.315141, -0.930792, 0.185236, 0.862966, -0.296597, -0.281999, -0.912418, 6.566103, 0.901508, 0.2326, -0.364939, 0.233925, 0.0, 0.0, 0.0, 1.0],
                [0.32704, -0.925703, 0.190051, 0.861213, -0.291194, -0.290038, -0.911638, 6.756768, 0.899028, 0.2428, -0.364413, 0.231244, 0.0, 0.0, 0.0, 1.0],
                [0.341404, -0.919515, 0.194773, 0.858897, -0.284679, -0.29865, -0.910915, 6.936444, 0.895768, 0.255542, -0.363727, 0.227766, 0.0, 0.0, 0.0, 1.0],
                [0.358059, -0.912173, 0.199337, 0.855977, -0.277094, -0.307685, -0.910247, 7.105475, 0.891635, 0.270687, -0.362927, 0.223534, 0.0, 0.0, 0.0, 1.0],
                [0.376821, -0.903618, 0.203669, 0.852408, -0.268483, -0.316987, -0.909635, 7.264191, 0.886523, 0.288088, -0.362053, 0.218596, 0.0, 0.0, 0.0, 1.0],
                [0.397499, -0.893789, 0.207695, 0.848145, -0.258901, -0.326392, -0.909087, 7.412922, 0.880321, 0.307588, -0.361143, 0.213004, 0.0, 0.0, 0.0, 1.0],
                [0.41989, -0.882626, 0.211336, 0.843143, -0.248414, -0.335735, -0.90861, 7.551997, 0.872916, 0.329018, -0.360229, 0.206819, 0.0, 0.0, 0.0, 1.0],
                [0.443785, -0.87008, 0.214512, 0.837362, -0.2371, -0.344848, -0.90822, 7.681743, 0.864198, 0.352194, -0.359334, 0.200111, 0.0, 0.0, 0.0, 1.0],
                [0.468962, -0.856109, 0.217146, 0.830767, -0.225049, -0.353569, -0.907933, 7.802486, 0.854066, 0.376918, -0.358476, 0.192958, 0.0, 0.0, 0.0, 1.0],
                [0.495191, -0.840686, 0.219164, 0.823331, -0.212363, -0.361741, -0.907769, 7.914553, 0.84243, 0.402977, -0.357662, 0.185448, 0.0, 0.0, 0.0, 1.0],
                [0.522237, -0.823803, 0.220494, 0.815038, -0.199161, -0.369218, -0.907752, 8.018279, 0.829219, 0.430148, -0.356888, 0.177676, 0.0, 0.0, 0.0, 1.0],
                [0.549858, -0.805471, 0.221073, 0.805882, -0.185569, -0.375867, -0.907903, 8.114006, 0.814383, 0.458194, -0.356144, 0.169748, 0.0, 0.0, 0.0, 1.0],
                [0.577814, -0.785722, 0.220846, 0.795874, -0.171728, -0.381572, -0.908247, 8.20208, 0.797898, 0.486872, -0.355407, 0.161775, 0.0, 0.0, 0.0, 1.0],
                [0.605861, -0.764614, 0.219768, 0.785034, -0.157783, -0.386235, -0.908805, 8.282856, 0.779768, 0.515934, -0.354647, 0.153872, 0.0, 0.0, 0.0, 1.0],
                [0.633764, -0.74223, 0.217805, 0.773402, -0.143888, -0.38978, -0.909598, 8.356702, 0.760026, 0.54513, -0.353826, 0.14616, 0.0, 0.0, 0.0, 1.0],
                [0.661295, -0.718673, 0.214937, 0.761031, -0.130199, -0.392153, -0.910639, 8.423995, 0.738741, 0.574216, -0.352899, 0.138757, 0.0, 0.0, 0.0, 1.0],
                [0.688238, -0.694076, 0.211158, 0.747988, -0.116869, -0.393325, -0.911941, 8.48513, 0.71601, 0.602955, -0.351818, 0.13178, 0.0, 0.0, 0.0, 1.0],
                [0.714394, -0.668588, 0.206475, 0.734355, -0.104049, -0.393289, -0.913509, 8.540505, 0.691965, 0.631122, -0.350529, 0.125341, 0.0, 0.0, 0.0, 1.0],
                [0.739582, -0.642382, 0.20091, 0.720228, -0.091878, -0.39206, -0.91534, 8.590545, 0.666766, 0.65851, -0.348981, 0.119545, 0.0, 0.0, 0.0, 1.0],
                [0.763642, -0.615646, 0.1945, 0.705712, -0.080486, -0.389676, -0.917428, 8.635667, 0.640603, 0.684933, -0.347124, 0.114488, 0.0, 0.0, 0.0, 1.0],
                [0.786441, -0.588583, 0.187296, 0.690924, -0.069987, -0.386194, -0.919759, 8.67631, 0.613687, 0.710228, -0.344912, 0.110252, 0.0, 0.0, 0.0, 1.0],
                [0.807869, -0.561407, 0.179359, 0.675986, -0.060476, -0.381687, -0.922311, 8.712921, 0.586251, 0.73426, -0.342304, 0.106907, 0.0, 0.0, 0.0, 1.0],
                [0.827842, -0.534339, 0.170764, 0.661027, -0.052031, -0.376242, -0.925059, 8.745955, 0.558544, 0.756918, -0.339271, 0.104509, 0.0, 0.0, 0.0, 1.0],
                [0.846303, -0.5076, 0.161596, 0.646179, -0.044705, -0.369957, -0.927973, 8.775875, 0.530823, 0.778122, -0.335788, 0.103101, 0.0, 0.0, 0.0, 1.0],
                [0.86322, -0.481419, 0.151946, 0.631577, -0.038531, -0.362938, -0.931016, 8.803139, 0.503356, 0.797817, -0.331844, 0.102708, 0.0, 0.0, 0.0, 1.0],
                [0.878584, -0.456015, 0.141914, 0.617352, -0.033519, -0.355292, -0.934154, 8.828215, 0.476409, 0.815977, -0.327439, 0.103343, 0.0, 0.0, 0.0, 1.0],
                [0.89241, -0.431608, 0.131602, 0.603636, -0.029657, -0.347128, -0.937349, 8.851566, 0.45025, 0.832597, -0.322581, 0.105008, 0.0, 0.0, 0.0, 1.0],
                [0.904728, -0.408408, 0.121119, 0.590557, -0.026912, -0.338555, -0.940562, 8.873663, 0.425139, 0.847693, -0.317291, 0.107689, 0.0, 0.0, 0.0, 1.0],
                [0.915586, -0.38662, 0.110573, 0.578237, -0.025235, -0.329674, -0.943757, 8.894965, 0.401329, 0.861301, -0.311601, 0.111368, 0.0, 0.0, 0.0, 1.0],
                [0.925044, -0.36644, 0.100072, 0.566796, -0.024555, -0.32058, -0.946903, 8.915923, 0.379065, 0.87347, -0.305549, 0.116016, 0.0, 0.0, 0.0, 1.0],
                [0.93317, -0.348055, 0.089725, 0.556348, -0.024791, -0.311362, -0.949968, 8.936999, 0.358578, 0.884258, -0.299182, 0.121599, 0.0, 0.0, 0.0, 1.0],
                [0.940037, -0.331644, 0.07964, 0.547001, -0.025847, -0.302095, -0.952927, 8.958631, 0.340091, 0.893729, -0.292552, 0.128081, 0.0, 0.0, 0.0, 1.0],
                [0.945718, -0.317379, 0.069919, 0.538859, -0.027617, -0.292846, -0.955761, 8.981265, 0.323814, 0.901949, -0.285715, 0.135427, 0.0, 0.0, 0.0, 1.0],
                [0.950281, -0.305427, 0.060663, 0.532021, -0.029989, -0.28367, -0.958453, 9.005337, 0.309945, 0.908981, -0.278726, 0.143603, 0.0, 0.0, 0.0, 1.0],
                [0.953789, -0.295948, 0.051971, 0.526584, -0.032844, -0.274612, -0.960994, 9.031263, 0.298676, 0.914879, -0.271642, 0.152578, 0.0, 0.0, 0.0, 1.0],
                [0.95629, -0.289101, 0.043937, 0.52264, -0.036063, -0.265702, -0.963381, 9.059473, 0.290188, 0.919687, -0.264513, 0.162333, 0.0, 0.0, 0.0, 1.0],
                [0.957815, -0.285041, 0.036649, 0.520278, -0.039523, -0.256961, -0.965613, 9.09038, 0.284656, 0.92343, -0.257386, 0.172856, 0.0, 0.0, 0.0, 1.0],
                [0.958961, -0.282115, 0.02836, 0.518574, -0.043336, -0.244681, -0.968635, 9.123513, 0.280206, 0.927654, -0.246865, 0.185149, 0.0, 0.0, 0.0, 1.0],
                [0.960241, -0.27863, 0.017403, 0.516569, -0.047818, -0.225574, -0.973052, 9.157825, 0.275047, 0.933532, -0.229929, 0.20012, 0.0, 0.0, 0.0, 1.0],
                [0.961531, -0.274666, 0.003991, 0.5143, -0.053141, -0.20025, -0.978302, 9.192888, 0.269506, 0.940457, -0.207142, 0.217649, 0.0, 0.0, 0.0, 1.0],
                [0.962707, -0.270295, -0.011659, 0.511805, -0.05945, -0.169308, -0.983768, 9.228283, 0.263934, 0.947774, -0.179063, 0.237633, 0.0, 0.0, 0.0, 1.0],
                [0.963641, -0.265587, -0.029327, 0.509118, -0.066852, -0.133375, -0.988808, 9.263616, 0.258704, 0.954817, -0.14628, 0.259969, 0.0, 0.0, 0.0, 1.0],
                [0.964207, -0.260623, -0.04879, 0.506271, -0.07541, -0.093132, -0.992794, 9.298509, 0.254201, 0.960938, -0.109452, 0.284528, 0.0, 0.0, 0.0, 1.0],
                [0.964286, -0.255494, -0.069826, 0.503297, -0.085133, -0.04934, -0.995147, 9.332572, 0.250809, 0.965551, -0.069329, 0.311146, 0.0, 0.0, 0.0, 1.0],
                [0.963763, -0.250315, -0.092216, 0.500226, -0.09598, -0.002842, -0.995379, 9.365397, 0.248897, 0.96816, -0.026764, 0.339611, 0.0, 0.0, 0.0, 1.0],
                [0.962532, -0.24522, -0.115755, 0.497084, -0.107859, 0.045436, -0.993127, 9.396551, 0.248794, 0.968402, 0.017284, 0.369654, 0.0, 0.0, 0.0, 1.0],
                [0.960498, -0.240362, -0.140251, 0.493892, -0.120644, 0.094506, -0.988187, 9.425542, 0.250778, 0.966072, 0.061774, 0.400949, 0.0, 0.0, 0.0, 1.0],
                [0.957571, -0.235917, -0.16553, 0.490662, -0.134184, 0.143341, -0.980534, 9.452858, 0.255052, 0.961143, 0.105603, 0.433118, 0.0, 0.0, 0.0, 1.0],
                [0.953673, -0.232072, -0.191445, 0.487397, -0.148333, 0.19091, -0.970335, 9.479391, 0.261736, 0.95378, 0.147642, 0.465738, 0.0, 0.0, 0.0, 1.0],
                [0.948726, -0.229022, -0.217873, 0.484087, -0.162967, 0.236213, -0.957938, 9.505157, 0.270854, 0.944326, 0.186778, 0.498354, 0.0, 0.0, 0.0, 1.0],
                [0.942657, -0.226968, -0.24471, 0.480713, -0.178011, 0.278308, -0.943852, 9.530084, 0.282329, 0.93329, 0.221946, 0.530492, 0.0, 0.0, 0.0, 1.0],
                [0.935395, -0.226103, -0.27187, 0.477244, -0.193463, 0.316334, -0.928712, 9.554018, 0.295987, 0.921309, 0.252155, 0.561671, 0.0, 0.0, 0.0, 1.0],
                [0.926865, -0.226619, -0.299274, 0.473642, -0.209411, 0.349522, -0.913225, 9.576742, 0.311557, 0.909108, 0.276503, 0.591408, 0.0, 0.0, 0.0, 1.0],
                [0.916992, -0.228696, -0.32684, 0.469866, -0.226047, 0.377186, -0.898128, 9.59798, 0.328678, 0.897457, 0.29418, 0.619223, 0.0, 0.0, 0.0, 1.0],
                [0.905698, -0.232509, -0.354472, 0.465876, -0.24367, 0.398704, -0.884115, 9.617433, 0.346895, 0.887116, 0.30445, 0.64463, 0.0, 0.0, 0.0, 1.0],
                [0.892912, -0.238227, -0.382042, 0.461643, -0.262687, 0.413492, -0.871791, 9.634783, 0.365655, 0.87879, 0.306633, 0.667136, 0.0, 0.0, 0.0, 1.0],
                [0.87857, -0.246014, -0.40938, 0.457155, -0.283599, 0.420962, -0.861605, 9.649743, 0.3843, 0.87308, 0.300075, 0.686216, 0.0, 0.0, 0.0, 1.0],
                [0.863212, -0.254992, -0.435712, 0.452797, -0.305021, 0.424297, -0.852604, 9.66305, 0.402278, 0.868879, 0.28848, 0.703065, 0.0, 0.0, 0.0, 1.0],
                [0.8475, -0.264098, -0.46043, 0.44893, -0.325253, 0.427114, -0.843673, 9.675618, 0.419468, 0.86477, 0.27608, 0.719221, 0.0, 0.0, 0.0, 1.0],
                [0.83157, -0.273226, -0.483569, 0.445532, -0.34438, 0.429442, -0.834855, 9.687431, 0.435769, 0.860771, 0.263017, 0.734652, 0.0, 0.0, 0.0, 1.0],
                [0.815549, -0.282279, -0.505172, 0.44258, -0.362476, 0.431309, -0.826187, 9.698483, 0.4511, 0.856908, 0.249434, 0.749333, 0.0, 0.0, 0.0, 1.0],
                [0.799561, -0.291167, -0.525284, 0.440051, -0.379612, 0.432742, -0.817697, 9.708772, 0.465399, 0.853203, 0.235473, 0.763244, 0.0, 0.0, 0.0, 1.0],
                [0.783723, -0.29981, -0.543959, 0.43792, -0.395852, 0.433769, -0.809411, 9.718308, 0.478622, 0.849682, 0.221274, 0.776372, 0.0, 0.0, 0.0, 1.0],
                [0.768144, -0.308138, -0.561255, 0.436167, -0.41125, 0.434416, -0.801346, 9.727098, 0.490743, 0.846365, 0.206973, 0.788711, 0.0, 0.0, 0.0, 1.0],
                [0.752924, -0.316088, -0.57723, 0.434766, -0.425854, 0.434713, -0.793519, 9.735156, 0.501751, 0.843275, 0.192698, 0.80026, 0.0, 0.0, 0.0, 1.0],
                [0.738154, -0.32361, -0.59195, 0.433694, -0.439705, 0.434687, -0.785943, 9.742501, 0.511652, 0.840431, 0.178573, 0.811023, 0.0, 0.0, 0.0, 1.0],
                [0.723917, -0.330664, -0.60548, 0.432929, -0.452836, 0.434368, -0.77863, 9.749155, 0.520465, 0.837847, 0.164709, 0.82101, 0.0, 0.0, 0.0, 1.0],
                [0.710283, -0.337217, -0.617886, 0.432445, -0.465274, 0.433783, -0.771591, 9.755146, 0.528222, 0.835534, 0.15121, 0.830237, 0.0, 0.0, 0.0, 1.0],
                [0.697312, -0.34325, -0.629234, 0.432219, -0.477041, 0.432964, -0.764836, 9.760499, 0.534966, 0.8335, 0.138167, 0.838722, 0.0, 0.0, 0.0, 1.0],
                [0.685054, -0.348749, -0.63959, 0.432225, -0.488153, 0.431941, -0.758376, 9.765249, 0.540748, 0.831746, 0.12566, 0.846488, 0.0, 0.0, 0.0, 1.0],
                [0.673548, -0.35371, -0.649017, 0.432439, -0.498622, 0.430743, -0.752221, 9.769422, 0.545628, 0.83027, 0.113759, 0.853563, 0.0, 0.0, 0.0, 1.0],
                [0.662822, -0.35814, -0.657573, 0.432836, -0.508456, 0.429401, -0.746383, 9.773054, 0.549672, 0.829067, 0.102518, 0.859973, 0.0, 0.0, 0.0, 1.0],
                [0.652897, -0.362048, -0.665318, 0.433391, -0.517662, 0.427942, -0.740872, 9.776182, 0.552949, 0.828122, 0.091984, 0.86575, 0.0, 0.0, 0.0, 1.0],
                [0.643779, -0.365455, -0.672303, 0.434077, -0.526242, 0.426398, -0.7357, 9.778838, 0.555534, 0.827422, 0.082188, 0.870926, 0.0, 0.0, 0.0, 1.0],
                [0.635472, -0.368386, -0.678577, 0.434872, -0.534199, 0.424794, -0.730877, 9.781064, 0.557501, 0.826947, 0.073153, 0.875534, 0.0, 0.0, 0.0, 1.0],
                [0.627968, -0.370871, -0.684187, 0.435748, -0.541533, 0.423161, -0.726414, 9.782894, 0.558927, 0.826674, 0.064892, 0.879607, 0.0, 0.0, 0.0, 1.0],
                [0.621253, -0.372944, -0.689172, 0.436682, -0.548243, 0.421524, -0.72232, 9.784367, 0.559888, 0.826578, 0.057409, 0.883178, 0.0, 0.0, 0.0, 1.0],
                [0.615311, -0.374643, -0.693567, 0.437649, -0.55433, 0.419911, -0.718605, 9.785519, 0.560457, 0.826631, 0.0507, 0.886279, 0.0, 0.0, 0.0, 1.0],
                [0.610116, -0.376008, -0.697407, 0.438624, -0.559791, 0.418347, -0.715276, 9.786387, 0.560708, 0.826804, 0.044755, 0.888943, 0.0, 0.0, 0.0, 1.0],
                [0.605643, -0.37708, -0.700719, 0.439583, -0.564625, 0.416859, -0.712339, 9.787015, 0.560711, 0.827067, 0.039559, 0.891199, 0.0, 0.0, 0.0, 1.0],
                [0.601861, -0.377901, -0.703529, 0.4405, -0.568829, 0.415474, -0.709799, 9.787436, 0.560532, 0.827389, 0.035096, 0.893076, 0.0, 0.0, 0.0, 1.0],
                [0.598741, -0.378512, -0.70586, 0.44135, -0.572403, 0.414218, -0.707657, 9.787688, 0.560237, 0.827739, 0.031348, 0.894603, 0.0, 0.0, 0.0, 1.0],
                [0.59625, -0.37895, -0.707731, 0.44211, -0.575341, 0.413119, -0.705915, 9.787813, 0.559883, 0.828088, 0.028296, 0.895803, 0.0, 0.0, 0.0, 1.0],
                [0.594359, -0.37925, -0.70916, 0.44275, -0.577639, 0.412206, -0.704571, 9.787838, 0.559528, 0.828406, 0.025929, 0.896702, 0.0, 0.0, 0.0, 1.0],
                [0.593038, -0.37944, -0.710163, 0.443244, -0.579291, 0.41151, -0.70362, 9.787814, 0.559221, 0.828664, 0.024234, 0.897321, 0.0, 0.0, 0.0, 1.0],
                [0.592261, -0.379546, -0.710754, 0.443564, -0.58029, 0.411065, -0.703057, 9.787775, 0.559008, 0.828837, 0.023212, 0.89768, 0.0, 0.0, 0.0, 1.0],
                [0.592007, -0.379579, -0.710948, 0.443678, -0.580625, 0.410908, -0.702872, 9.78775, 0.55893, 0.8289, 0.022868, 0.897796, 0.0, 0.0, 0.0, 1.0]
            ]
        },
        {
            "name": "Leg_ik_L",
            "time": [0.0, 0.0167, 0.0333, 0.05, 0.0667, 0.0833, 0.1, 0.1167, 0.1333, 0.15, 0.1667, 0.1833, 0.2, 0.2167, 0.2333, 0.25, 0.2667, 0.2833, 0.3, 0.3167, 0.3333, 0.35, 0.3667, 0.3833, 0.4, 0.4167, 0.4333, 0.45, 0.4667, 0.4833, 0.5, 0.5167, 0.5333, 0.55, 0.5667, 0.5833, 0.6, 0.6167, 0.6333, 0.65, 0.6667, 0.6833, 0.7, 0.7167, 0.7333, 0.75, 0.7667, 0.7833, 0.8, 0.8167, 0.8333, 0.85, 0.8667, 0.8833, 0.9, 0.9167, 0.9333, 0.95, 0.9667, 0.9833, 1.0, 1.0167, 1.0333, 1.05, 1.0667, 1.0833, 1.1, 1.1167, 1.1333, 1.15, 1.1667, 1.1833, 1.2, 1.2167, 1.2333, 1.25, 1.2667, 1.2833, 1.3, 1.3167, 1.3333, 1.35, 1.3667, 1.3833, 1.4, 1.4167, 1.4333, 1.45, 1.4667, 1.4833, 1.5, 1.5167, 1.5333, 1.55, 1.5667, 1.5833, 1.6, 1.6167, 1.6333, 1.65, 1.6667, 1.6833, 1.7, 1.7167, 1.7333, 1.75, 1.7667, 1.7833, 1.8, 1.8167, 1.8333],
            "transform": [
                [1.0, 0.0, 1e-06, -0.125011, 0.0, 1.0, -0.0, 1.420881, -1e-06, 0.0, 1.0, 0.089657, 0.0, 0.0, 0.0, 1.0],
                [1.0, 0.0, 1e-06, -0.125011, 0.0, 1.0, -0.0, 1.450676, -1e-06, 0.0, 1.0, 0.089657, 0.0, 0.0, 0.0, 1.0],
                [1.0, 0.0, 1e-06, -0.125011, 0.0, 1.0, -0.0, 1.536744, -1e-06, 0.0, 1.0, 0.089657, 0.0, 0.0, 0.0, 1.0],
                [1.0, 0.0, 1e-06, -0.125011, 0.0, 1.0, -0.0, 1.674113, -1e-06, 0.0, 1.0, 0.089657, 0.0, 0.0, 0.0, 1.0],
                [1.0, 0.0, 1e-06, -0.125011, 0.0, 1.0, -0.0, 1.857808, -1e-06, 0.0, 1.0, 0.089657, 0.0, 0.0, 0.0, 1.0],
                [1.0, 0.0, 1e-06, -0.125011, 0.0, 1.0, -0.0, 2.082854, -1e-06, 0.0, 1.0, 0.089657, 0.0, 0.0, 0.0, 1.0],
                [1.0, 0.0, 1e-06, -0.125011, 0.0, 1.0, -0.0, 2.344279, -1e-06, 0.0, 1.0, 0.089657, 0.0, 0.0, 0.0, 1.0],
                [1.0, 0.0, 1e-06, -0.125011, 0.0, 1.0, -0.0, 2.637107, -1e-06, 0.0, 1.0, 0.089657, 0.0, 0.0, 0.0, 1.0],
                [1.0, 0.0, 1e-06, -0.125011, 0.0, 1.0, -0.0, 2.956365, -1e-06, 0.0, 1.0, 0.089657, 0.0, 0.0, 0.0, 1.0],
