{
    "animation": [
        {
            "name": "Tool_s_L",
            "time": [0.0, 0.0167, 0.0333, 0.05, 0.0667, 0.0833, 0.1, 0.1167, 0.1333, 0.15, 0.1667, 0.1833, 0.2, 0.2167, 0.2333, 0.25, 0.2667, 0.2833, 0.3, 0.3167, 0.3333, 0.35, 0.3667, 0.3833, 0.4, 0.4167, 0.4333, 0.45, 0.4667, 0.4833, 0.5, 0.5167, 0.5333, 0.55, 0.5667, 0.5833, 0.6, 0.6167, 0.6333, 0.65, 0.6667, 0.6833, 0.7, 0.7167, 0.7333, 0.75, 0.7667, 0.7833, 0.8, 0.8167, 0.8333, 0.85, 0.8667, 0.8833, 0.9, 0.9167, 0.9333, 0.95, 0.9667, 0.9833, 1.0, 1.0167, 1.0333, 1.05, 1.0667, 1.0833, 1.1, 1.1167, 1.1333, 1.15, 1.1667, 1.1833, 1.2, 1.2167, 1.2333, 1.25, 1.2667, 1.2833, 1.3, 1.3167, 1.3333, 1.35, 1.3667, 1.3833, 1.4, 1.4167, 1.4333, 1.45, 1.4667, 1.4833, 1.5, 1.5167, 1.5333, 1.55, 1.5667, 1.5833, 1.6, 1.6167, 1.6333, 1.65, 1.6667, 1.6833, 1.7, 1.7167, 1.7333, 1.75, 1.7667, 1.7833, 1.8, 1.8167, 1.8333, 1.85, 1.8667, 1.8833, 1.9, 1.9167, 1.9333, 1.95, 1.9667, 1.9833, 2.0, 2.0167, 2.0333, 2.05, 2.0667, 2.0833, 2.1, 2.1167, 2.1333, 2.15, 2.1667, 2.1833, 2.2, 2.2167, 2.2333, 2.25, 2.2667, 2.2833, 2.3, 2.3167, 2.3333, 2.35, 2.3667, 2.3833, 2.4, 2.4167, 2.4333, 2.45, 2.4667, 2.4833, 2.5, 2.5167, 2.5333, 2.55, 2.5667, 2.5833, 2.6, 2.6167, 2.6333, 2.65, 2.6667, 2.6833, 2.7, 2.7167, 2.7333, 2.75, 2.7667, 2.7833, 2.8, 2.8167, 2.8333, 2.85, 2.8667, 2.8833, 2.9, 2.9167, 2.9333, 2.95, 2.9667, 2.9833, 3.0, 3.0167, 3.0333, 3.05, 3.0667, 3.0833, 3.1, 3.1167, 3.1333, 3.15, 3.1667, 3.1833, 3.2, 3.2167, 3.2333, 3.25, 3.2667, 3.2833, 3.3, 3.3167, 3.3333, 3.35, 3.3667, 3.3833, 3.4, 3.4167, 3.4333, 3.45, 3.4667, 3.4833, 3.5, 3.5167, 3.5333, 3.55, 3.5667, 3.5833, 3.6, 3.6167, 3.6333, 3.65, 3.6667, 3.6833, 3.7, 3.7167, 3.7333, 3.75],
            "transform": [
                [0.004744, -0.319081, -0.947715, -0.03169, -0.625052, -0.74072, 0.24626, 0.862515, -0.780568, 0.591203, -0.202956, 0.484531, 0.0, 0.0, 0.0, 1.0],
                [0.005362, -0.318405, -0.947939, -0.031765, -0.623799, -0.741963, 0.245691, 0.863661, -0.781566, 0.590007, -0.2026, 0.485548, 0.0, 0.0, 0.0, 1.0],
                [0.007162, -0.316414, -0.948594, -0.031995, -0.620128, -0.745585, 0.244016, 0.866988, -0.784467, 0.586502, -0.201558, 0.48853, 0.0, 0.0, 0.0, 1.0],
                [0.010061, -0.313148, -0.949651, -0.032393, -0.614152, -0.751403, 0.241269, 0.872319, -0.789124, 0.580803, -0.19988, 0.493381, 0.0, 0.0, 0.0, 1.0],
                [0.013972, -0.30863, -0.95108, -0.032982, -0.605967, -0.759218, 0.237468, 0.879466, -0.795367, 0.573005, -0.197628, 0.500011, 0.0, 0.0, 0.0, 1.0],
                [0.018807, -0.30288, -0.952843, -0.033785, -0.595659, -0.768814, 0.232626, 0.888235, -0.803017, 0.563194, -0.194872, 0.508335, 0.0, 0.0, 0.0, 1.0],
                [0.024472, -0.295908, -0.954903, -0.034831, -0.583307, -0.779961, 0.226748, 0.898425, -0.811883, 0.551452, -0.191692, 0.518273, 0.0, 0.0, 0.0, 1.0],
                [0.030868, -0.287726, -0.957215, -0.036145, -0.568987, -0.792416, 0.219841, 0.909828, -0.821766, 0.537857, -0.188173, 0.529741, 0.0, 0.0, 0.0, 1.0],
                [0.03789, -0.278348, -0.959733, -0.037753, -0.552779, -0.805932, 0.211918, 0.922234, -0.832465, 0.522491, -0.184402, 0.54266, 0.0, 0.0, 0.0, 1.0],
                [0.045428, -0.267796, -0.962404, -0.039674, -0.534767, -0.820253, 0.202999, 0.935431, -0.843777, 0.50544, -0.180471, 0.556941, 0.0, 0.0, 0.0, 1.0],
                [0.053366, -0.256098, -0.965177, -0.041923, -0.515046, -0.835126, 0.193113, 0.949205, -0.8555, 0.486805, -0.176469, 0.572495, 0.0, 0.0, 0.0, 1.0],
                [0.061582, -0.243298, -0.967994, -0.044508, -0.493721, -0.850296, 0.182306, 0.963344, -0.867437, 0.466692, -0.172485, 0.589225, 0.0, 0.0, 0.0, 1.0],
                [0.069955, -0.229455, -0.970802, -0.047428, -0.470912, -0.865519, 0.170637, 0.977641, -0.879401, 0.445226, -0.1686, 0.607029, 0.0, 0.0, 0.0, 1.0],
                [0.078357, -0.214643, -0.973544, -0.050671, -0.446757, -0.88056, 0.158184, 0.991891, -0.891217, 0.422543, -0.164891, 0.625797, 0.0, 0.0, 0.0, 1.0],
                [0.086664, -0.198954, -0.976169, -0.054217, -0.421405, -0.895199, 0.145039, 1.005898, -0.902721, 0.398793, -0.161422, 0.645413, 0.0, 0.0, 0.0, 1.0],
                [0.094753, -0.182501, -0.978629, -0.058036, -0.395026, -0.909236, 0.131312, 1.019476, -0.91377, 0.374142, -0.158246, 0.665752, 0.0, 0.0, 0.0, 1.0],
                [0.102507, -0.16541, -0.980883, -0.062088, -0.367805, -0.922497, 0.117127, 1.032449, -0.924235, 0.348767, -0.155401, 0.686686, 0.0, 0.0, 0.0, 1.0],
                [0.109815, -0.14783, -0.982897, -0.066323, -0.339938, -0.934832, 0.102622, 1.044651, -0.934014, 0.322855, -0.152912, 0.708079, 0.0, 0.0, 0.0, 1.0],
                [0.116573, -0.129922, -0.984648, -0.070684, -0.311638, -0.946122, 0.087943, 1.055933, -0.943023, 0.296601, -0.150781, 0.72979, 0.0, 0.0, 0.0, 1.0],
                [0.122691, -0.111858, -0.986121, -0.075106, -0.283124, -0.956282, 0.073248, 1.066158, -0.951203, 0.270208, -0.148997, 0.751678, 0.0, 0.0, 0.0, 1.0],
                [0.128087, -0.093825, -0.987315, -0.079519, -0.254627, -0.965257, 0.058695, 1.075204, -0.958519, 0.243879, -0.147527, 0.773596, 0.0, 0.0, 0.0, 1.0],
                [0.132693, -0.076013, -0.988238, -0.083849, -0.22638, -0.973024, 0.044446, 1.082964, -0.964958, 0.21782, -0.146321, 0.795396, 0.0, 0.0, 0.0, 1.0],
                [0.136453, -0.058616, -0.988911, -0.08802, -0.198622, -0.979596, 0.030657, 1.089346, -0.97053, 0.192236, -0.145311, 0.816929, 0.0, 0.0, 0.0, 1.0],
                [0.139322, -0.041829, -0.989363, -0.091957, -0.171589, -0.985013, 0.017482, 1.094272, -0.975267, 0.167328, -0.144411, 0.838047, 0.0, 0.0, 0.0, 1.0],
                [0.141266, -0.025843, -0.989634, -0.095587, -0.145517, -0.989343, 0.005063, 1.097675, -0.979218, 0.143293, -0.143522, 0.858602, 0.0, 0.0, 0.0, 1.0],
                [0.142264, -0.01084, -0.989769, -0.098841, -0.120638, -0.992675, -0.006468, 1.0995, -0.982449, 0.120324, -0.14253, 0.878445, 0.0, 0.0, 0.0, 1.0],
                [0.142298, 0.003006, -0.989819, -0.101656, -0.097179, -0.995122, -0.016993, 1.099702, -0.985041, 0.098607, -0.141312, 0.897429, 0.0, 0.0, 0.0, 1.0],
                [0.141359, 0.015539, -0.989836, -0.103979, -0.075362, -0.996806, -0.026411, 1.098241, -0.987085, 0.07833, -0.139737, 0.915405, 0.0, 0.0, 0.0, 1.0],
                [0.139441, 0.026615, -0.989872, -0.105767, -0.055404, -0.997863, -0.034634, 1.095085, -0.988679, 0.059673, -0.137669, 0.932224, 0.0, 0.0, 0.0, 1.0],
                [0.136539, 0.036113, -0.989976, -0.106989, -0.037516, -0.99843, -0.041596, 1.090204, -0.989924, 0.04282, -0.13497, 0.947736, 0.0, 0.0, 0.0, 1.0],
                [0.13265, 0.043936, -0.990189, -0.107631, -0.021904, -0.998643, -0.047246, 1.083567, -0.990921, 0.027957, -0.131507, 0.961786, 0.0, 0.0, 0.0, 1.0],
                [0.128789, 0.050086, -0.990406, -0.107829, -0.008476, -0.998631, -0.051604, 1.07514, -0.991635, 0.015041, -0.128188, 0.973382, 0.0, 0.0, 0.0, 1.0],
                [0.125942, 0.05473, -0.990527, -0.107779, 0.003067, -0.998494, -0.054781, 1.065049, -0.992032, 0.003861, -0.12592, 0.981763, 0.0, 0.0, 0.0, 1.0],
                [0.124039, 0.058021, -0.99058, -0.107539, 0.012829, -0.998299, -0.056867, 1.0535, -0.992194, -0.005654, -0.124572, 0.987123, 0.0, 0.0, 0.0, 1.0],
                [0.122994, 0.060082, -0.990587, -0.107144, 0.020911, -0.998101, -0.057941, 1.040682, -0.992186, -0.013588, -0.124017, 0.989663, 0.0, 0.0, 0.0, 1.0],
                [0.122711, 0.061016, -0.990565, -0.106604, 0.027421, -0.997936, -0.058073, 1.02678, -0.992063, -0.020036, -0.124131, 0.989584, 0.0, 0.0, 0.0, 1.0],
                [0.123084, 0.060913, -0.990525, -0.105917, 0.032463, -0.997827, -0.057328, 1.011966, -0.991865, -0.025099, -0.124794, 0.987094, 0.0, 0.0, 0.0, 1.0],
                [0.124006, 0.059853, -0.990474, -0.105071, 0.036145, -0.997789, -0.05577, 0.996408, -0.991622, -0.028884, -0.125895, 0.982403, 0.0, 0.0, 0.0, 1.0],
                [0.125367, 0.057912, -0.990419, -0.104049, 0.038575, -0.997824, -0.053462, 0.980268, -0.99136, -0.031503, -0.127328, 0.975728, 0.0, 0.0, 0.0, 1.0],
                [0.127059, 0.05516, -0.99036, -0.102835, 0.039866, -0.99793, -0.050467, 0.963703, -0.991093, -0.03307, -0.128995, 0.967292, 0.0, 0.0, 0.0, 1.0],
                [0.128977, 0.051676, -0.9903, -0.101413, 0.040131, -0.998095, -0.046856, 0.946866, -0.990835, -0.033699, -0.130805, 0.95732, 0.0, 0.0, 0.0, 1.0],
                [0.131025, 0.047536, -0.990239, -0.099776, 0.039487, -0.998307, -0.042698, 0.929906, -0.990592, -0.033507, -0.13268, 0.946048, 0.0, 0.0, 0.0, 1.0],
                [0.133115, 0.042827, -0.990175, -0.097923, 0.038051, -0.99855, -0.038073, 0.91297, -0.99037, -0.032609, -0.134551, 0.933712, 0.0, 0.0, 0.0, 1.0],
                [0.135168, 0.03764, -0.990107, -0.095862, 0.035944, -0.998807, -0.033064, 0.896202, -0.99017, -0.031119, -0.136359, 0.920555, 0.0, 0.0, 0.0, 1.0],
                [0.137119, 0.032076, -0.990035, -0.093612, 0.033286, -0.999061, -0.027758, 0.879747, -0.989995, -0.029148, -0.138058, 0.906823, 0.0, 0.0, 0.0, 1.0],
                [0.138917, 0.02624, -0.989956, -0.091203, 0.030199, -0.999296, -0.02225, 0.863746, -0.989843, -0.026805, -0.139612, 0.892762, 0.0, 0.0, 0.0, 1.0],
                [0.140525, 0.020245, -0.98987, -0.088672, 0.026801, -0.999502, -0.016637, 0.848342, -0.989714, -0.024191, -0.140998, 0.878623, 0.0, 0.0, 0.0, 1.0],
                [0.141918, 0.014208, -0.989777, -0.086068, 0.023211, -0.99967, -0.011022, 0.833678, -0.989606, -0.021409, -0.142201, 0.864654, 0.0, 0.0, 0.0, 1.0],
                [0.143086, 0.008252, -0.989676, -0.083444, 0.019543, -0.999794, -0.00551, 0.819898, -0.989517, -0.018553, -0.143218, 0.851102, 0.0, 0.0, 0.0, 1.0],
                [0.144033, 0.002501, -0.98957, -0.080863, 0.01591, -0.999873, -0.000211, 0.807146, -0.989445, -0.015714, -0.144055, 0.838216, 0.0, 0.0, 0.0, 1.0],
                [0.144772, -0.002918, -0.989461, -0.07839, 0.01242, -0.999911, 0.004766, 0.795568, -0.989387, -0.012979, -0.144723, 0.826237, 0.0, 0.0, 0.0, 1.0],
                [0.145324, -0.007878, -0.989353, -0.076095, 0.009177, -0.999914, 0.00931, 0.785313, -0.989341, -0.010432, -0.145239, 0.815407, 0.0, 0.0, 0.0, 1.0],
                [0.145717, -0.012252, -0.989251, -0.074048, 0.006282, -0.999892, 0.013309, 0.776529, -0.989306, -0.008154, -0.145624, 0.805963, 0.0, 0.0, 0.0, 1.0],
                [0.145981, -0.015913, -0.98916, -0.07232, 0.003833, -0.999854, 0.01665, 0.769365, -0.98928, -0.006222, -0.145899, 0.79814, 0.0, 0.0, 0.0, 1.0],
                [0.146143, -0.018736, -0.989086, -0.07098, 0.001928, -0.999813, 0.019224, 0.763974, -0.989261, -0.004716, -0.14608, 0.79217, 0.0, 0.0, 0.0, 1.0],
                [0.146225, -0.020596, -0.989037, -0.070094, 0.000663, -0.999781, 0.020918, 0.760506, -0.989251, -0.003714, -0.14618, 0.788281, 0.0, 0.0, 0.0, 1.0],
                [0.146227, -0.021897, -0.989009, -0.069433, -0.000242, -0.999756, 0.0221, 0.758239, -0.989251, -0.002992, -0.146196, 0.785598, 0.0, 0.0, 0.0, 1.0],
                [0.146143, -0.023122, -0.988993, -0.068736, -0.001133, -0.99973, 0.023206, 0.756327, -0.989262, -0.002271, -0.146129, 0.783087, 0.0, 0.0, 0.0, 1.0],
                [0.145985, -0.02427, -0.988989, -0.068013, -0.002003, -0.999704, 0.024237, 0.754739, -0.989284, -0.001557, -0.145991, 0.780745, 0.0, 0.0, 0.0, 1.0],
                [0.145767, -0.025342, -0.988994, -0.067274, -0.002851, -0.999678, 0.025195, 0.753446, -0.989314, -0.000854, -0.145792, 0.778569, 0.0, 0.0, 0.0, 1.0],
                [0.145499, -0.026338, -0.989007, -0.066529, -0.003669, -0.999653, 0.026082, 0.752415, -0.989351, -0.000166, -0.145545, 0.776556, 0.0, 0.0, 0.0, 1.0],
                [0.145193, -0.027259, -0.989028, -0.065788, -0.004455, -0.999628, 0.026897, 0.751617, -0.989393, 0.000501, -0.145261, 0.774702, 0.0, 0.0, 0.0, 1.0],
                [0.14486, -0.028105, -0.989053, -0.065061, -0.005204, -0.999604, 0.027643, 0.751021, -0.989438, 0.001142, -0.144949, 0.773002, 0.0, 0.0, 0.0, 1.0],
                [0.144512, -0.028878, -0.989082, -0.064357, -0.00591, -0.999582, 0.028321, 0.750597, -0.989485, 0.001753, -0.144623, 0.771455, 0.0, 0.0, 0.0, 1.0],
                [0.144159, -0.029578, -0.989112, -0.063685, -0.00657, -0.99956, 0.028933, 0.750313, -0.989532, 0.002328, -0.14429, 0.770056, 0.0, 0.0, 0.0, 1.0],
                [0.143812, -0.030207, -0.989144, -0.063055, -0.007179, -0.99954, 0.02948, 0.750139, -0.989579, 0.002861, -0.143962, 0.768803, 0.0, 0.0, 0.0, 1.0],
                [0.143481, -0.030764, -0.989175, -0.062475, -0.007731, -0.999521, 0.029965, 0.750045, -0.989623, 0.003348, -0.14365, 0.767691, 0.0, 0.0, 0.0, 1.0],
                [0.143177, -0.031253, -0.989203, -0.061954, -0.008223, -0.999504, 0.030388, 0.750001, -0.989663, 0.003783, -0.143363, 0.766718, 0.0, 0.0, 0.0, 1.0],
                [0.14291, -0.031673, -0.989229, -0.061502, -0.008649, -0.99949, 0.030752, 0.749975, -0.989698, 0.004161, -0.143111, 0.76588, 0.0, 0.0, 0.0, 1.0],
                [0.14269, -0.032026, -0.989249, -0.061127, -0.009004, -0.999477, 0.031059, 0.749938, -0.989726, 0.004475, -0.142904, 0.765174, 0.0, 0.0, 0.0, 1.0],
                [0.142529, -0.032313, -0.989263, -0.060837, -0.009283, -0.999467, 0.031309, 0.749859, -0.989747, 0.004721, -0.142753, 0.764597, 0.0, 0.0, 0.0, 1.0],
                [0.142435, -0.032536, -0.989269, -0.060643, -0.009483, -0.999458, 0.031506, 0.749707, -0.989758, 0.004893, -0.142667, 0.764146, 0.0, 0.0, 0.0, 1.0],
                [0.14242, -0.032695, -0.989266, -0.060553, -0.009596, -0.999453, 0.03165, 0.749452, -0.989759, 0.004985, -0.142656, 0.763818, 0.0, 0.0, 0.0, 1.0],
                [0.142493, -0.032791, -0.989252, -0.060575, -0.009619, -0.999449, 0.031744, 0.749063, -0.989748, 0.004993, -0.14273, 0.763609, 0.0, 0.0, 0.0, 1.0],
                [0.142664, -0.032826, -0.989226, -0.06072, -0.009547, -0.999449, 0.031788, 0.74851, -0.989725, 0.004909, -0.142899, 0.763516, 0.0, 0.0, 0.0, 1.0],
                [0.142944, -0.0328, -0.989187, -0.060995, -0.009376, -0.999451, 0.031785, 0.747762, -0.989686, 0.004731, -0.143173, 0.763535, 0.0, 0.0, 0.0, 1.0],
                [0.143343, -0.032714, -0.989132, -0.061409, -0.009099, -0.999455, 0.031737, 0.746789, -0.989631, 0.00445, -0.143562, 0.763663, 0.0, 0.0, 0.0, 1.0],
                [0.14387, -0.03257, -0.98906, -0.061973, -0.008712, -0.999461, 0.031645, 0.745559, -0.989558, 0.004064, -0.144076, 0.763896, 0.0, 0.0, 0.0, 1.0],
                [0.144536, -0.032367, -0.98897, -0.062695, -0.008212, -0.999469, 0.031511, 0.744044, -0.989465, 0.003567, -0.144725, 0.76423, 0.0, 0.0, 0.0, 1.0],
                [0.14535, -0.032107, -0.988859, -0.063584, -0.007592, -0.99948, 0.031336, 0.742211, -0.989351, 0.002953, -0.145519, 0.76466, 0.0, 0.0, 0.0, 1.0],
                [0.146324, -0.03179, -0.988726, -0.06465, -0.006849, -0.999492, 0.031122, 0.740029, -0.989213, 0.002217, -0.146467, 0.765182, 0.0, 0.0, 0.0, 1.0],
                [0.153288, -0.017431, -0.988028, -0.103588, 0.012104, -0.999736, 0.019516, 0.57084, -0.988107, -0.014951, -0.153037, 0.788891, 0.0, 0.0, 0.0, 1.0],
                [0.166384, 0.016387, -0.985925, -0.194538, 0.053719, -0.998527, -0.007531, 0.134583, -0.984596, -0.051709, -0.167019, 0.840235, 0.0, 0.0, 0.0, 1.0],
                [0.179295, 0.055515, -0.982228, -0.299744, 0.097392, -0.994504, -0.038431, -0.464408, -0.978962, -0.088771, -0.183717, 0.892149, 0.0, 0.0, 0.0, 1.0],
                [0.190675, 0.083545, -0.978092, -0.382024, 0.12501, -0.990326, -0.06022, -1.105281, -0.973661, -0.110789, -0.199274, 0.925239, 0.0, 0.0, 0.0, 1.0],
                [0.200467, 0.083755, -0.976114, -0.411489, 0.122012, -0.990717, -0.05995, -1.654194, -0.972073, -0.107079, -0.208825, 0.929509, 0.0, 0.0, 0.0, 1.0],
                [0.207101, 0.059125, -0.976531, -0.395111, 0.09622, -0.994564, -0.039811, -2.097565, -0.973576, -0.085717, -0.211665, 0.91836, 0.0, 0.0, 0.0, 1.0],
                [0.210402, 0.027724, -0.977222, -0.363289, 0.067175, -0.997645, -0.013841, -2.516689, -0.975304, -0.062732, -0.211769, 0.90932, 0.0, 0.0, 0.0, 1.0],
                [0.210782, -0.003607, -0.977526, -0.326182, 0.03843, -0.999189, 0.011974, -2.918603, -0.976777, -0.04009, -0.210473, 0.901227, 0.0, 0.0, 0.0, 1.0],
                [0.211659, -0.028655, -0.976924, -0.295202, 0.012783, -0.999403, 0.032083, -3.30667, -0.97726, -0.019278, -0.211167, 0.892843, 0.0, 0.0, 0.0, 1.0],
                [0.218917, -0.042464, -0.974819, -0.281635, -0.008253, -0.999097, 0.041668, -3.680701, -0.975708, -0.001076, -0.21907, 0.882734, 0.0, 0.0, 0.0, 1.0],
                [0.230907, -0.048761, -0.971753, -0.2805, -0.026043, -0.998695, 0.043925, -4.038559, -0.972627, 0.015164, -0.231876, 0.871506, 0.0, 0.0, 0.0, 1.0],
                [0.241295, -0.05427, -0.968933, -0.279657, -0.04274, -0.99806, 0.045258, -4.379028, -0.96951, 0.030492, -0.243146, 0.860903, 0.0, 0.0, 0.0, 1.0],
                [0.250211, -0.058955, -0.966395, -0.279139, -0.058344, -0.997248, 0.045732, -4.702518, -0.966431, 0.04494, -0.252963, 0.850897, 0.0, 0.0, 0.0, 1.0],
                [0.257783, -0.062793, -0.96416, -0.278966, -0.072864, -0.996308, 0.045406, -5.009447, -0.963451, 0.058547, -0.261407, 0.841459, 0.0, 0.0, 0.0, 1.0],
                [0.264129, -0.065774, -0.962242, -0.279153, -0.086317, -0.99528, 0.044339, -5.300235, -0.960617, 0.071346, -0.26856, 0.832565, 0.0, 0.0, 0.0, 1.0],
                [0.269359, -0.067899, -0.960643, -0.279708, -0.098726, -0.994202, 0.042589, -5.575307, -0.957965, 0.083369, -0.274501, 0.82419, 0.0, 0.0, 0.0, 1.0],
                [0.273577, -0.06918, -0.959359, -0.280632, -0.11012, -0.993105, 0.040211, -5.835093, -0.955525, 0.094643, -0.279309, 0.816312, 0.0, 0.0, 0.0, 1.0],
                [0.276877, -0.069634, -0.958379, -0.28192, -0.120529, -0.99201, 0.037257, -6.080022, -0.953316, 0.105196, -0.283058, 0.808913, 0.0, 0.0, 0.0, 1.0],
                [0.279348, -0.069292, -0.957686, -0.283563, -0.12999, -0.99094, 0.033782, -6.310533, -0.95135, 0.115052, -0.285824, 0.801976, 0.0, 0.0, 0.0, 1.0],
                [0.28107, -0.068187, -0.957262, -0.285547, -0.13854, -0.989907, 0.029835, -6.52706, -0.949634, 0.124234, -0.28768, 0.795483, 0.0, 0.0, 0.0, 1.0],
                [0.282117, -0.06636, -0.957082, -0.287856, -0.146221, -0.988924, 0.025467, -6.730043, -0.948171, 0.132761, -0.288695, 0.78942, 0.0, 0.0, 0.0, 1.0],
                [0.282557, -0.063858, -0.957122, -0.290468, -0.153073, -0.987997, 0.020728, -6.919926, -0.946958, 0.140653, -0.288941, 0.783775, 0.0, 0.0, 0.0, 1.0],
                [0.282452, -0.060731, -0.957357, -0.293359, -0.159141, -0.987131, 0.015668, -7.097147, -0.945988, 0.147929, -0.288482, 0.778534, 0.0, 0.0, 0.0, 1.0],
                [0.28186, -0.057035, -0.957759, -0.296503, -0.164467, -0.986328, 0.010335, -7.262154, -0.945254, 0.154606, -0.287387, 0.773685, 0.0, 0.0, 0.0, 1.0],
                [0.280832, -0.05283, -0.958302, -0.299871, -0.169096, -0.985588, 0.004781, -7.41539, -0.944743, 0.160702, -0.285718, 0.769218, 0.0, 0.0, 0.0, 1.0],
                [0.279417, -0.048179, -0.95896, -0.303433, -0.173073, -0.984908, -0.000947, -7.557296, -0.944442, 0.166235, -0.283539, 0.765121, 0.0, 0.0, 0.0, 1.0],
                [0.27766, -0.043146, -0.95971, -0.307156, -0.176444, -0.984287, -0.006797, -7.688321, -0.944337, 0.171222, -0.280911, 0.761382, 0.0, 0.0, 0.0, 1.0],
                [0.275605, -0.0378, -0.960528, -0.311007, -0.179253, -0.983721, -0.012721, -7.808904, -0.94441, 0.175683, -0.277894, 0.757988, 0.0, 0.0, 0.0, 1.0],
                [0.273289, -0.032209, -0.961392, -0.314952, -0.181546, -0.983205, -0.018667, -7.919493, -0.944645, 0.179639, -0.274547, 0.754927, 0.0, 0.0, 0.0, 1.0],
                [0.270751, -0.026447, -0.962286, -0.318955, -0.183368, -0.982737, -0.024583, -8.020526, -0.945024, 0.183108, -0.270926, 0.752187, 0.0, 0.0, 0.0, 1.0],
                [0.268026, -0.020584, -0.963192, -0.322982, -0.184763, -0.982312, -0.030421, -8.112445, -0.945528, 0.186116, -0.267088, 0.749752, 0.0, 0.0, 0.0, 1.0],
                [0.265149, -0.014694, -0.964095, -0.326997, -0.185777, -0.981928, -0.036127, -8.19569, -0.946141, 0.188685, -0.263087, 0.747607, 0.0, 0.0, 0.0, 1.0],
                [0.262155, -0.00885, -0.964985, -0.330964, -0.186452, -0.98158, -0.041651, -8.270703, -0.946842, 0.190843, -0.258976, 0.745736, 0.0, 0.0, 0.0, 1.0],
                [0.259077, -0.003126, -0.965852, -0.334848, -0.186834, -0.981269, -0.04694, -8.337914, -0.947613, 0.192615, -0.254808, 0.744122, 0.0, 0.0, 0.0, 1.0],
                [0.255947, 0.002406, -0.966688, -0.338615, -0.186964, -0.980992, -0.051944, -8.397762, -0.948438, 0.194031, -0.250632, 0.742746, 0.0, 0.0, 0.0, 1.0],
                [0.252799, 0.007671, -0.967488, -0.342232, -0.186887, -0.980749, -0.056609, -8.450685, -0.949297, 0.195122, -0.246499, 0.741588, 0.0, 0.0, 0.0, 1.0],
                [0.249667, 0.012599, -0.96825, -0.345665, -0.186644, -0.980539, -0.060886, -8.497111, -0.950174, 0.195919, -0.242456, 0.740629, 0.0, 0.0, 0.0, 1.0],
                [0.246584, 0.017116, -0.96897, -0.348882, -0.186277, -0.980363, -0.064721, -8.537472, -0.95105, 0.196456, -0.238553, 0.739847, 0.0, 0.0, 0.0, 1.0],
                [0.243584, 0.021154, -0.969649, -0.351853, -0.185827, -0.980222, -0.068066, -8.572203, -0.951911, 0.196767, -0.234836, 0.739219, 0.0, 0.0, 0.0, 1.0],
                [0.240704, 0.024642, -0.970286, -0.354548, -0.185336, -0.980117, -0.070869, -8.601729, -0.952739, 0.196887, -0.231351, 0.738723, 0.0, 0.0, 0.0, 1.0],
                [0.237978, 0.027513, -0.970881, -0.356937, -0.184841, -0.980047, -0.07308, -8.626485, -0.953519, 0.19685, -0.228145, 0.738335, 0.0, 0.0, 0.0, 1.0],
                [0.235444, 0.029698, -0.971434, -0.358994, -0.184385, -0.980015, -0.074649, -8.646894, -0.954237, 0.196693, -0.225263, 0.738031, 0.0, 0.0, 0.0, 1.0],
                [0.233139, 0.031131, -0.971945, -0.36069, -0.184005, -0.980019, -0.075526, -8.663384, -0.954876, 0.196451, -0.222753, 0.737788, 0.0, 0.0, 0.0, 1.0],
                [0.231101, 0.031746, -0.972412, -0.361999, -0.183741, -0.980058, -0.075664, -8.676391, -0.955422, 0.196158, -0.22066, 0.737579, 0.0, 0.0, 0.0, 1.0],
                [0.22937, 0.03148, -0.97283, -0.362896, -0.183632, -0.980129, -0.075012, -8.686335, -0.95586, 0.195848, -0.219032, 0.737382, 0.0, 0.0, 0.0, 1.0],
                [0.227985, 0.030266, -0.973194, -0.363354, -0.183715, -0.980226, -0.073523, -8.69365, -0.956175, 0.195552, -0.217917, 0.737172, 0.0, 0.0, 0.0, 1.0],
                [0.226988, 0.028042, -0.973494, -0.363348, -0.184029, -0.980342, -0.071149, -8.698771, -0.956352, 0.195301, -0.217365, 0.736925, 0.0, 0.0, 0.0, 1.0],
                [0.226418, 0.024744, -0.973716, -0.36285, -0.184612, -0.980467, -0.067843, -8.702127, -0.956375, 0.195121, -0.217428, 0.736619, 0.0, 0.0, 0.0, 1.0],
                [0.226319, 0.020306, -0.973841, -0.361834, -0.185505, -0.980585, -0.063558, -8.704151, -0.956225, 0.195037, -0.218158, 0.736231, 0.0, 0.0, 0.0, 1.0],
                [0.226731, 0.014668, -0.973847, -0.360271, -0.186745, -0.98068, -0.058249, -8.705292, -0.955887, 0.195068, -0.219612, 0.735742, 0.0, 0.0, 0.0, 1.0],
                [0.227028, 0.008422, -0.973852, -0.358206, -0.188994, -0.980572, -0.052539, -8.705794, -0.955374, 0.19598, -0.221026, 0.735107, 0.0, 0.0, 0.0, 1.0],
                [0.22657, 0.002213, -0.973992, -0.355712, -0.192846, -0.980098, -0.047087, -8.70565, -0.954712, 0.198499, -0.221635, 0.734298, 0.0, 0.0, 0.0, 1.0],
                [0.225382, -0.003953, -0.974262, -0.352805, -0.198242, -0.979258, -0.041887, -8.704898, -0.953888, 0.202581, -0.221491, 0.733312, 0.0, 0.0, 0.0, 1.0],
                [0.223488, -0.010068, -0.974654, -0.349502, -0.205128, -0.978038, -0.036933, -8.703555, -0.952877, 0.208183, -0.220645, 0.732146, 0.0, 0.0, 0.0, 1.0],
                [0.220912, -0.016123, -0.975161, -0.34582, -0.213449, -0.976423, -0.032211, -8.701661, -0.95165, 0.215262, -0.219145, 0.730789, 0.0, 0.0, 0.0, 1.0],
                [0.217679, -0.022109, -0.97577, -0.341774, -0.22315, -0.97439, -0.027704, -8.699243, -0.950168, 0.223774, -0.217038, 0.729226, 0.0, 0.0, 0.0, 1.0],
                [0.213817, -0.028016, -0.976472, -0.337382, -0.234178, -0.971912, -0.023392, -8.696326, -0.94839, 0.23367, -0.214372, 0.727443, 0.0, 0.0, 0.0, 1.0],
                [0.209351, -0.033833, -0.977255, -0.33266, -0.246479, -0.968956, -0.019256, -8.692948, -0.946266, 0.244904, -0.211191, 0.725421, 0.0, 0.0, 0.0, 1.0],
                [0.204309, -0.03955, -0.978107, -0.327628, -0.259998, -0.965488, -0.015269, -8.68914, -0.943747, 0.257426, -0.207541, 0.72314, 0.0, 0.0, 0.0, 1.0],
                [0.198719, -0.045157, -0.979016, -0.322301, -0.274677, -0.961469, -0.011405, -8.684936, -0.940778, 0.27118, -0.203466, 0.720579, 0.0, 0.0, 0.0, 1.0],
                [0.192611, -0.050643, -0.979967, -0.316699, -0.290457, -0.956858, -0.00764, -8.680366, -0.937302, 0.28611, -0.199011, 0.717716, 0.0, 0.0, 0.0, 1.0],
                [0.186017, -0.055996, -0.980949, -0.31084, -0.307274, -0.951612, -0.003947, -8.675471, -0.933263, 0.302155, -0.194223, 0.71453, 0.0, 0.0, 0.0, 1.0],
                [0.178967, -0.061208, -0.981949, -0.304744, -0.325065, -0.945691, -0.000297, -8.670288, -0.928603, 0.31925, -0.189144, 0.711002, 0.0, 0.0, 0.0, 1.0],
                [0.171495, -0.066268, -0.982954, -0.298429, -0.343757, -0.939052, 0.003333, -8.664861, -0.923266, 0.337326, -0.183822, 0.70711, 0.0, 0.0, 0.0, 1.0],
                [0.163632, -0.071168, -0.983951, -0.291916, -0.363279, -0.931654, 0.006972, -8.659224, -0.917198, 0.356308, -0.178303, 0.702839, 0.0, 0.0, 0.0, 1.0],
                [0.155416, -0.075901, -0.984929, -0.285224, -0.383552, -0.923458, 0.010642, -8.653424, -0.910348, 0.376117, -0.172632, 0.698174, 0.0, 0.0, 0.0, 1.0],
                [0.14688, -0.08046, -0.985876, -0.278374, -0.404494, -0.914428, 0.014366, -8.647509, -0.902668, 0.396671, -0.166857, 0.693101, 0.0, 0.0, 0.0, 1.0],
                [0.138062, -0.084841, -0.986783, -0.271385, -0.426019, -0.904531, 0.018164, -8.641518, -0.894117, 0.417881, -0.161025, 0.687613, 0.0, 0.0, 0.0, 1.0],
                [0.128998, -0.089038, -0.987639, -0.264279, -0.448038, -0.893742, 0.022054, -8.635498, -0.884659, 0.439654, -0.155184, 0.681704, 0.0, 0.0, 0.0, 1.0],
                [0.119725, -0.093051, -0.988437, -0.257076, -0.470455, -0.882039, 0.026051, -8.629505, -0.874264, 0.461896, -0.149379, 0.675375, 0.0, 0.0, 0.0, 1.0],
                [0.110282, -0.09688, -0.989167, -0.249795, -0.493175, -0.869407, 0.030166, -8.62358, -0.862911, 0.484506, -0.143659, 0.668629, 0.0, 0.0, 0.0, 1.0],
                [0.100705, -0.100524, -0.989825, -0.242457, -0.516098, -0.855838, 0.034409, -8.617775, -0.850588, 0.507381, -0.138067, 0.661477, 0.0, 0.0, 0.0, 1.0],
                [0.091032, -0.103988, -0.990404, -0.235081, -0.539123, -0.841333, 0.038784, -8.612131, -0.837292, 0.530419, -0.132651, 0.653931, 0.0, 0.0, 0.0, 1.0],
                [0.081298, -0.107277, -0.9909, -0.227686, -0.562149, -0.825902, 0.043293, -8.606699, -0.82303, 0.553514, -0.127451, 0.646012, 0.0, 0.0, 0.0, 1.0],
                [0.071542, -0.110398, -0.991309, -0.22029, -0.585074, -0.809561, 0.047934, -8.601521, -0.807817, 0.57656, -0.122509, 0.637744, 0.0, 0.0, 0.0, 1.0],
                [0.061796, -0.113359, -0.99163, -0.21291, -0.607797, -0.792341, 0.052701, -8.596641, -0.791684, 0.599453, -0.117863, 0.629159, 0.0, 0.0, 0.0, 1.0],
                [0.052095, -0.116171, -0.991862, -0.205563, -0.63022, -0.774278, 0.057586, -8.592095, -0.774667, 0.622091, -0.113549, 0.620293, 0.0, 0.0, 0.0, 1.0],
                [0.042471, -0.118844, -0.992004, -0.198265, -0.652249, -0.755418, 0.062576, -8.587919, -0.756814, 0.644376, -0.109599, 0.611183, 0.0, 0.0, 0.0, 1.0],
                [0.032954, -0.121392, -0.992057, -0.19103, -0.673791, -0.735817, 0.067656, -8.584146, -0.738186, 0.66621, -0.106041, 0.601877, 0.0, 0.0, 0.0, 1.0],
                [0.023572, -0.123829, -0.992023, -0.183872, -0.694764, -0.715543, 0.072809, -8.580803, -0.718851, 0.687506, -0.102899, 0.592423, 0.0, 0.0, 0.0, 1.0],
                [0.014351, -0.126168, -0.991905, -0.176803, -0.715087, -0.694668, 0.078014, -8.577909, -0.698887, 0.708179, -0.100191, 0.582874, 0.0, 0.0, 0.0, 1.0],
                [0.005316, -0.128426, -0.991705, -0.169834, -0.73469, -0.673275, 0.08325, -8.575485, -0.678382, 0.728153, -0.097932, 0.573287, 0.0, 0.0, 0.0, 1.0],
                [-0.003511, -0.130615, -0.991427, -0.162977, -0.75351, -0.651453, 0.088494, -8.57354, -0.657427, 0.747361, -0.096133, 0.563719, 0.0, 0.0, 0.0, 1.0],
                [-0.012111, -0.132752, -0.991075, -0.15624, -0.771492, -0.629299, 0.093721, -8.572079, -0.636124, 0.765741, -0.094796, 0.554231, 0.0, 0.0, 0.0, 1.0],
                [-0.020466, -0.134851, -0.990654, -0.149632, -0.78859, -0.606913, 0.098907, -8.571105, -0.614579, 0.783244, -0.093921, 0.544885, 0.0, 0.0, 0.0, 1.0],
                [-0.028562, -0.136925, -0.990169, -0.14316, -0.804769, -0.584402, 0.104028, -8.570611, -0.592901, 0.799829, -0.093501, 0.535744, 0.0, 0.0, 0.0, 1.0],
                [-0.036385, -0.138986, -0.989626, -0.136832, -0.820002, -0.561875, 0.10906, -8.570586, -0.571203, 0.815463, -0.093525, 0.526869, 0.0, 0.0, 0.0, 1.0],
                [-0.043924, -0.141045, -0.989028, -0.130653, -0.834272, -0.539443, 0.113981, -8.571015, -0.549601, 0.830125, -0.093975, 0.518323, 0.0, 0.0, 0.0, 1.0],
                [-0.05117, -0.143111, -0.988383, -0.12463, -0.847571, -0.517221, 0.118769, -8.571877, -0.528209, 0.843802, -0.09483, 0.510167, 0.0, 0.0, 0.0, 1.0],
                [-0.058114, -0.145191, -0.987695, -0.118768, -0.8599, -0.495321, 0.123407, -8.573145, -0.507144, 0.85649, -0.096065, 0.50246, 0.0, 0.0, 0.0, 1.0],
                [-0.06475, -0.14729, -0.986972, -0.113074, -0.871267, -0.473858, 0.127875, -8.574794, -0.486519, 0.868195, -0.097647, 0.49526, 0.0, 0.0, 0.0, 1.0],
                [-0.071073, -0.149411, -0.986217, -0.107551, -0.88169, -0.452942, 0.132161, -8.576786, -0.466446, 0.87893, -0.099543, 0.488623, 0.0, 0.0, 0.0, 1.0],
                [-0.077078, -0.151554, -0.985439, -0.102206, -0.891189, -0.432686, 0.136251, -8.579089, -0.447035, 0.888715, -0.101713, 0.4826, 0.0, 0.0, 0.0, 1.0],
                [-0.082762, -0.153716, -0.984643, -0.097045, -0.899795, -0.413195, 0.140136, -8.581666, -0.42839, 0.897575, -0.104116, 0.477244, 0.0, 0.0, 0.0, 1.0],
                [-0.088122, -0.155892, -0.983835, -0.092073, -0.907541, -0.394574, 0.14381, -8.584477, -0.410615, 0.905543, -0.106708, 0.472603, 0.0, 0.0, 0.0, 1.0],
                [-0.093153, -0.158074, -0.983024, -0.087298, -0.914461, -0.376925, 0.147267, -8.587481, -0.393805, 0.912655, -0.10944, 0.46872, 0.0, 0.0, 0.0, 1.0],
                [-0.097855, -0.16025, -0.982214, -0.082727, -0.920597, -0.360346, 0.150507, -8.59064, -0.378055, 0.918951, -0.112264, 0.465641, 0.0, 0.0, 0.0, 1.0],
                [-0.102224, -0.162406, -0.981414, -0.078367, -0.925987, -0.344929, 0.153531, -8.593907, -0.363453, 0.924471, -0.115126, 0.463406, 0.0, 0.0, 0.0, 1.0],
                [-0.106258, -0.164526, -0.980632, -0.074228, -0.930672, -0.330767, 0.15634, -8.597254, -0.350083, 0.92926, -0.117974, 0.462053, 0.0, 0.0, 0.0, 1.0],
                [-0.109954, -0.16659, -0.979877, -0.070317, -0.934692, -0.317944, 0.158938, -8.600636, -0.338023, 0.933359, -0.120751, 0.46162, 0.0, 0.0, 0.0, 1.0],
                [-0.11331, -0.168574, -0.979155, -0.066646, -0.938085, -0.306542, 0.161332, -8.604022, -0.327349, 0.936811, -0.123402, 0.462142, 0.0, 0.0, 0.0, 1.0],
                [-0.116322, -0.170452, -0.978476, -0.063223, -0.940883, -0.296643, 0.163528, -8.60738, -0.318132, 0.939653, -0.12587, 0.463655, 0.0, 0.0, 0.0, 1.0],
                [-0.118988, -0.172195, -0.97785, -0.060061, -0.943117, -0.28832, 0.165534, -8.610678, -0.310438, 0.941923, -0.128094, 0.466191, 0.0, 0.0, 0.0, 1.0],
                [-0.121307, -0.173771, -0.977286, -0.05717, -0.94481, -0.281647, 0.167355, -8.613896, -0.304331, 0.943651, -0.130015, 0.469786, 0.0, 0.0, 0.0, 1.0],
                [-0.123274, -0.175144, -0.976795, -0.054562, -0.945981, -0.276693, 0.168998, -8.617017, -0.299872, 0.944862, -0.131574, 0.474472, 0.0, 0.0, 0.0, 1.0],
                [-0.124983, -0.176425, -0.976347, -0.052152, -0.946842, -0.272798, 0.1705, -8.620065, -0.296426, 0.945756, -0.132951, 0.479789, 0.0, 0.0, 0.0, 1.0],
                [-0.12653, -0.177742, -0.975909, -0.049849, -0.947605, -0.269248, 0.171898, -8.623075, -0.293315, 0.946526, -0.134362, 0.485246, 0.0, 0.0, 0.0, 1.0],
                [-0.127923, -0.179087, -0.975481, -0.04765, -0.948276, -0.266034, 0.173196, -8.626045, -0.290528, 0.947182, -0.135792, 0.49083, 0.0, 0.0, 0.0, 1.0],
                [-0.129172, -0.18045, -0.975065, -0.045553, -0.948862, -0.263143, 0.174399, -8.628979, -0.288052, 0.94773, -0.137232, 0.496528, 0.0, 0.0, 0.0, 1.0],
                [-0.130284, -0.181824, -0.974662, -0.043558, -0.949368, -0.260566, 0.175512, -8.631866, -0.285876, 0.94818, -0.13867, 0.502328, 0.0, 0.0, 0.0, 1.0],
                [-0.131269, -0.183199, -0.974272, -0.041661, -0.9498, -0.25829, 0.176539, -8.634708, -0.283987, 0.948538, -0.140098, 0.508215, 0.0, 0.0, 0.0, 1.0],
                [-0.13213, -0.184569, -0.973897, -0.039862, -0.950162, -0.256305, 0.177484, -8.637505, -0.282373, 0.94881, -0.141505, 0.514176, 0.0, 0.0, 0.0, 1.0],
                [-0.132878, -0.185926, -0.973537, -0.038158, -0.950458, -0.254597, 0.17835, -8.640251, -0.28102, 0.949005, -0.142885, 0.520197, 0.0, 0.0, 0.0, 1.0],
                [-0.133517, -0.187264, -0.973193, -0.036548, -0.950694, -0.253155, 0.179143, -8.642947, -0.279916, 0.949128, -0.14423, 0.526264, 0.0, 0.0, 0.0, 1.0],
                [-0.134057, -0.188576, -0.972866, -0.035029, -0.950874, -0.251967, 0.179866, -8.645592, -0.279048, 0.949185, -0.145534, 0.532364, 0.0, 0.0, 0.0, 1.0],
                [-0.134501, -0.189857, -0.972555, -0.033599, -0.951, -0.251018, 0.180523, -8.648183, -0.278403, 0.94918, -0.146791, 0.538483, 0.0, 0.0, 0.0, 1.0],
                [-0.134859, -0.191101, -0.972262, -0.032257, -0.951077, -0.250298, 0.181117, -8.650718, -0.277967, 0.949121, -0.147997, 0.544605, 0.0, 0.0, 0.0, 1.0],
                [-0.135135, -0.192306, -0.971986, -0.030999, -0.951108, -0.249791, 0.181653, -8.653198, -0.277727, 0.949011, -0.149148, 0.550716, 0.0, 0.0, 0.0, 1.0],
                [-0.135335, -0.193465, -0.971728, -0.029824, -0.951096, -0.249486, 0.182132, -8.65562, -0.277669, 0.948856, -0.15024, 0.556803, 0.0, 0.0, 0.0, 1.0],
                [-0.135465, -0.194577, -0.971488, -0.028728, -0.951045, -0.249368, 0.18256, -8.65798, -0.27778, 0.948659, -0.151271, 0.56285, 0.0, 0.0, 0.0, 1.0],
                [-0.135531, -0.195637, -0.971266, -0.02771, -0.950957, -0.249425, 0.182938, -8.660278, -0.278047, 0.948426, -0.152238, 0.568843, 0.0, 0.0, 0.0, 1.0],
                [-0.135539, -0.196645, -0.971062, -0.026767, -0.950837, -0.249642, 0.18327, -8.662515, -0.278457, 0.948161, -0.153141, 0.574768, 0.0, 0.0, 0.0, 1.0],
                [-0.135493, -0.197598, -0.970874, -0.025896, -0.950686, -0.250006, 0.183559, -8.664682, -0.278995, 0.947867, -0.153979, 0.580608, 0.0, 0.0, 0.0, 1.0],
                [-0.1354, -0.198494, -0.970704, -0.025095, -0.950507, -0.250502, 0.183807, -8.666786, -0.279648, 0.947549, -0.154752, 0.58635, 0.0, 0.0, 0.0, 1.0],
                [-0.135264, -0.199333, -0.970551, -0.02436, -0.950303, -0.251118, 0.184017, -8.668821, -0.280404, 0.947209, -0.15546, 0.591979, 0.0, 0.0, 0.0, 1.0],
                [-0.135091, -0.200115, -0.970414, -0.023689, -0.950079, -0.251839, 0.184193, -8.670783, -0.281248, 0.946853, -0.156104, 0.597479, 0.0, 0.0, 0.0, 1.0],
                [-0.134884, -0.20084, -0.970294, -0.023078, -0.949835, -0.252651, 0.184336, -8.672672, -0.282168, 0.946483, -0.156686, 0.602836, 0.0, 0.0, 0.0, 1.0],
                [-0.13465, -0.201508, -0.970188, -0.022526, -0.949576, -0.253541, 0.18445, -8.674483, -0.28315, 0.946103, -0.157208, 0.608035, 0.0, 0.0, 0.0, 1.0],
                [-0.134393, -0.20212, -0.970096, -0.02203, -0.949304, -0.254494, 0.184536, -8.676217, -0.284182, 0.945717, -0.157671, 0.61306, 0.0, 0.0, 0.0, 1.0],
                [-0.134117, -0.202678, -0.970018, -0.021585, -0.949023, -0.255496, 0.184598, -8.677871, -0.28525, 0.945327, -0.158079, 0.617897, 0.0, 0.0, 0.0, 1.0],
                [-0.133826, -0.203182, -0.969952, -0.02119, -0.948735, -0.256535, 0.184637, -8.679438, -0.286341, 0.944937, -0.158435, 0.622531, 0.0, 0.0, 0.0, 1.0],
                [-0.133527, -0.203636, -0.969898, -0.020841, -0.948444, -0.257594, 0.184657, -8.680916, -0.287443, 0.944551, -0.158742, 0.626946, 0.0, 0.0, 0.0, 1.0],
                [-0.133223, -0.204041, -0.969855, -0.020536, -0.948153, -0.258662, 0.18466, -8.682307, -0.288543, 0.944172, -0.159002, 0.631128, 0.0, 0.0, 0.0, 1.0],
                [-0.132918, -0.204399, -0.969822, -0.020271, -0.947865, -0.259724, 0.184648, -8.683603, -0.289628, 0.943803, -0.159221, 0.635061, 0.0, 0.0, 0.0, 1.0],
                [-0.132616, -0.204714, -0.969796, -0.020044, -0.947584, -0.260765, 0.184624, -8.684804, -0.290684, 0.943447, -0.159402, 0.638731, 0.0, 0.0, 0.0, 1.0],
                [-0.132323, -0.204987, -0.969779, -0.019851, -0.947313, -0.261773, 0.18459, -8.685905, -0.291701, 0.943109, -0.159548, 0.642123, 0.0, 0.0, 0.0, 1.0],
                [-0.132041, -0.205221, -0.969767, -0.019691, -0.947055, -0.262733, 0.184548, -8.686905, -0.292664, 0.942791, -0.159664, 0.645221, 0.0, 0.0, 0.0, 1.0],
                [-0.131777, -0.20542, -0.969761, -0.019559, -0.946814, -0.263633, 0.184503, -8.687799, -0.293561, 0.942496, -0.159754, 0.64801, 0.0, 0.0, 0.0, 1.0],
                [-0.131533, -0.205586, -0.96976, -0.019454, -0.946593, -0.264457, 0.184455, -8.688581, -0.294381, 0.94223, -0.159821, 0.650476, 0.0, 0.0, 0.0, 1.0],
                [-0.131314, -0.20572, -0.969761, -0.019373, -0.946397, -0.265192, 0.184406, -8.689254, -0.295109, 0.941994, -0.15987, 0.652604, 0.0, 0.0, 0.0, 1.0],
                [-0.131124, -0.205826, -0.969764, -0.019312, -0.946228, -0.265824, 0.184362, -8.689811, -0.295733, 0.941792, -0.159903, 0.654378, 0.0, 0.0, 0.0, 1.0],
                [-0.130969, -0.205906, -0.969768, -0.019269, -0.946091, -0.26634, 0.184322, -8.690248, -0.296241, 0.941629, -0.159924, 0.655784, 0.0, 0.0, 0.0, 1.0],
                [-0.130852, -0.205962, -0.969772, -0.019242, -0.945989, -0.266726, 0.184291, -8.690561, -0.29662, 0.941508, -0.159936, 0.656806, 0.0, 0.0, 0.0, 1.0],
                [-0.130779, -0.205995, -0.969775, -0.019227, -0.945924, -0.266968, 0.18427, -8.690754, -0.296857, 0.941432, -0.159942, 0.657431, 0.0, 0.0, 0.0, 1.0],
                [-0.130753, -0.206006, -0.969776, -0.019223, -0.945902, -0.267051, 0.184263, -8.690819, -0.296939, 0.941406, -0.159943, 0.657642, 0.0, 0.0, 0.0, 1.0]
            ]
        },
        {
            "name": "Tool_s_R",
