{
    "animation": [
        {
            "name": "Tool_s_L",
            "time": [0.0, 0.0167, 0.0333, 0.05, 0.0667, 0.0833, 0.1, 0.1167, 0.1333, 0.15, 0.1667, 0.1833, 0.2, 0.2167, 0.2333, 0.25, 0.2667, 0.2833, 0.3, 0.3167, 0.3333, 0.35, 0.3667, 0.3833, 0.4, 0.4167, 0.4333, 0.45, 0.4667, 0.4833, 0.5, 0.5167, 0.5333, 0.55, 0.5667, 0.5833, 0.6, 0.6167, 0.6333, 0.65, 0.6667, 0.6833, 0.7, 0.7167, 0.7333, 0.75, 0.7667, 0.7833, 0.8, 0.8167, 0.8333, 0.85, 0.8667, 0.8833, 0.9, 0.9167, 0.9333, 0.95, 0.9667, 0.9833, 1.0, 1.0167, 1.0333, 1.05, 1.0667, 1.0833, 1.1, 1.1167, 1.1333, 1.15, 1.1667, 1.1833, 1.2, 1.2167, 1.2333, 1.25, 1.2667, 1.2833, 1.3, 1.3167, 1.3333, 1.35, 1.3667, 1.3833, 1.4, 1.4167, 1.4333, 1.45, 1.4667, 1.4833, 1.5, 1.5167, 1.5333, 1.55, 1.5667, 1.5833, 1.6, 1.6167, 1.6333, 1.65, 1.6667, 1.6833, 1.7, 1.7167, 1.7333, 1.75, 1.7667, 1.7833, 1.8, 1.8167, 1.8333, 1.85, 1.8667, 1.8833, 1.9, 1.9167, 1.9333, 1.95, 1.9667, 1.9833, 2.0, 2.0167, 2.0333, 2.05, 2.0667, 2.0833, 2.1, 2.1167, 2.1333, 2.15, 2.1667, 2.1833, 2.2, 2.2167, 2.2333, 2.25, 2.2667, 2.2833, 2.3, 2.3167, 2.3333, 2.35, 2.3667, 2.3833, 2.4, 2.4167, 2.4333, 2.45, 2.4667, 2.4833, 2.5, 2.5167, 2.5333, 2.55, 2.5667, 2.5833, 2.6, 2.6167, 2.6333, 2.65, 2.6667],
            "transform": [
                [0.094687, -0.184459, -0.978269, -0.073204, -0.291817, -0.944658, 0.149876, 0.831465, -0.951776, 0.271284, -0.143275, 0.626123, 0.0, 0.0, 0.0, 1.0],
                [0.090134, -0.26779, -0.959252, -0.021988, -0.29183, -0.927996, 0.231644, 0.831502, -0.952213, 0.25906, -0.161794, 0.629668, 0.0, 0.0, 0.0, 1.0],
                [0.078009, -0.480467, -0.873537, 0.117394, -0.292082, -0.848774, 0.440763, 0.814027, -0.953206, 0.220761, -0.206548, 0.642025, 0.0, 0.0, 0.0, 1.0],
                [0.060362, -0.743186, -0.666356, 0.316895, -0.293335, -0.651304, 0.699827, 0.743349, -0.954102, 0.153223, -0.257316, 0.666635, 0.0, 0.0, 0.0, 1.0],
                [0.037276, -0.946345, -0.321, 0.532175, -0.297601, -0.31716, 0.900468, 0.592523, -0.953962, 0.061964, -0.293456, 0.703613, 0.0, 0.0, 0.0, 1.0],
                [0.004595, -0.994532, 0.104331, 0.713744, -0.306557, 0.097908, 0.946804, 0.363273, -0.951841, -0.036334, -0.304431, 0.747457, 0.0, 0.0, 0.0, 1.0],
                [-0.046144, -0.862564, 0.503839, 0.829754, -0.316931, 0.49096, 0.811488, 0.082933, -0.947325, -0.122236, -0.296028, 0.789623, 0.0, 0.0, 0.0, 1.0],
                [-0.122668, -0.60592, 0.786011, 0.874429, -0.315328, 0.774749, 0.548027, -0.215643, -0.941021, -0.180626, -0.286101, 0.821876, 0.0, 0.0, 0.0, 1.0],
                [-0.222802, -0.307317, 0.925157, 0.850464, -0.282345, 0.928679, 0.240491, -0.518288, -0.933081, -0.207632, -0.293681, 0.84231, 0.0, 0.0, 0.0, 1.0],
                [-0.324437, -0.014335, 0.945799, 0.746756, -0.198459, 0.978662, -0.053245, -0.808783, -0.924854, -0.204977, -0.320359, 0.853582, 0.0, 0.0, 0.0, 1.0],
                [-0.389502, 0.229515, 0.89197, 0.578643, -0.066426, 0.958931, -0.275752, -1.046687, -0.918627, -0.166656, -0.358259, 0.852015, 0.0, 0.0, 0.0, 1.0],
                [-0.397348, 0.401604, 0.825123, 0.391398, 0.080858, 0.910977, -0.404453, -1.21206, -0.914098, -0.093991, -0.394448, 0.835371, 0.0, 0.0, 0.0, 1.0],
                [-0.357785, 0.508698, 0.783081, 0.2228, 0.210634, 0.860945, -0.463041, -1.317835, -0.909737, -0.000726, -0.415183, 0.807346, 0.0, 0.0, 0.0, 1.0],
                [-0.292248, 0.576682, 0.762908, 0.081478, 0.308934, 0.811894, -0.495366, -1.3871, -0.905069, 0.090919, -0.415431, 0.776274, 0.0, 0.0, 0.0, 1.0],
                [-0.20504, 0.6697, 0.713764, -0.078141, 0.380997, 0.726351, -0.572062, -1.420563, -0.901554, 0.154646, -0.404085, 0.754548, 0.0, 0.0, 0.0, 1.0],
                [-0.079329, 0.834828, 0.544766, -0.300878, 0.422142, 0.523201, -0.740308, -1.374757, -0.903052, 0.171241, -0.393921, 0.752772, 0.0, 0.0, 0.0, 1.0],
                [0.075274, 0.974088, 0.213276, -0.531741, 0.406828, 0.165272, -0.89843, -1.206989, -0.910398, 0.154395, -0.383846, 0.767035, 0.0, 0.0, 0.0, 1.0],
                [0.218715, 0.952878, -0.210209, -0.666013, 0.322443, -0.273899, -0.906096, -0.937545, -0.920974, 0.130397, -0.367154, 0.786249, 0.0, 0.0, 0.0, 1.0],
                [0.304094, 0.750881, -0.586263, -0.649446, 0.198022, -0.651789, -0.732092, -0.672442, -0.931833, 0.106532, -0.346896, 0.804541, 0.0, 0.0, 0.0, 1.0],
                [0.327107, 0.485512, -0.810727, -0.546253, 0.091578, -0.870173, -0.484162, -0.517092, -0.940539, 0.084129, -0.329102, 0.819995, 0.0, 0.0, 0.0, 1.0],
                [0.320015, 0.257964, -0.911616, -0.441233, 0.026128, -0.964254, -0.263688, -0.469646, -0.947052, 0.060566, -0.315316, 0.834791, 0.0, 0.0, 0.0, 1.0],
                [0.306003, 0.094646, -0.947314, -0.367578, -0.004574, -0.994888, -0.100876, -0.49025, -0.952019, 0.035201, -0.304006, 0.850284, 0.0, 0.0, 0.0, 1.0],
                [0.29343, -0.011276, -0.955914, -0.327108, -0.012274, -0.999892, 0.008027, -0.548877, -0.955901, 0.009377, -0.293537, 0.866295, 0.0, 0.0, 0.0, 1.0],
                [0.28324, -0.072605, -0.956297, -0.31216, -0.006409, -0.997251, 0.073817, -0.629496, -0.959027, -0.014779, -0.282927, 0.881885, 0.0, 0.0, 0.0, 1.0],
                [0.273936, -0.099522, -0.956585, -0.314478, 0.00643, -0.99442, 0.105299, -0.724974, -0.961726, -0.034996, -0.271767, 0.895859, 0.0, 0.0, 0.0, 1.0],
                [0.263753, -0.098193, -0.959579, -0.327627, 0.021547, -0.993957, 0.107633, -0.833035, -0.964349, -0.049065, -0.260044, 0.906984, 0.0, 0.0, 0.0, 1.0],
                [0.242268, -0.093542, -0.96569, -0.356748, 0.041721, -0.993416, 0.106695, -0.964933, -0.969311, -0.066138, -0.236771, 0.920177, 0.0, 0.0, 0.0, 1.0],
                [0.213131, -0.103612, -0.971514, -0.400914, 0.067824, -0.990393, 0.120505, -1.123825, -0.974666, -0.091575, -0.204056, 0.937458, 0.0, 0.0, 0.0, 1.0],
                [0.192983, -0.119571, -0.973889, -0.444069, 0.095991, -0.985485, 0.140016, -1.292264, -0.976495, -0.120505, -0.178704, 0.952822, 0.0, 0.0, 0.0, 1.0],
                [0.185609, -0.132379, -0.973666, -0.472816, 0.12187, -0.980132, 0.15649, -1.436981, -0.975037, -0.147706, -0.165788, 0.962297, 0.0, 0.0, 0.0, 1.0],
                [0.184645, -0.137243, -0.973176, -0.482602, 0.133852, -0.977464, 0.163244, -1.513579, -0.973647, -0.160404, -0.162114, 0.965312, 0.0, 0.0, 0.0, 1.0],
                [0.181808, -0.124741, -0.97539, -0.469489, 0.129342, -0.980269, 0.149474, -1.524595, -0.974791, -0.153335, -0.162087, 0.967923, 0.0, 0.0, 0.0, 1.0],
                [0.173429, -0.091582, -0.980579, -0.434568, 0.119735, -0.98632, 0.113295, -1.515274, -0.97754, -0.137058, -0.160091, 0.974343, 0.0, 0.0, 0.0, 1.0],
                [0.161114, -0.048601, -0.985738, -0.386942, 0.111192, -0.991534, 0.067061, -1.505124, -0.980652, -0.120411, -0.154346, 0.982352, 0.0, 0.0, 0.0, 1.0],
                [0.148587, -0.015247, -0.988782, -0.341725, 0.108328, -0.993613, 0.0316, -1.50293, -0.982948, -0.111808, -0.145986, 0.990389, 0.0, 0.0, 0.0, 1.0],
                [0.138598, -0.010156, -0.990297, -0.315895, 0.113528, -0.993193, 0.026075, -1.503288, -0.98382, -0.116041, -0.136502, 0.998275, 0.0, 0.0, 0.0, 1.0],
                [0.128585, -0.020486, -0.991487, -0.307286, 0.119841, -0.992139, 0.036042, -1.499724, -0.98443, -0.123456, -0.125119, 1.00367, 0.0, 0.0, 0.0, 1.0],
                [0.116453, -0.024678, -0.992889, -0.302687, 0.119663, -0.99206, 0.038693, -1.492195, -0.98596, -0.123318, -0.112575, 1.004179, 0.0, 0.0, 0.0, 1.0],
                [0.102456, -0.023977, -0.994449, -0.301218, 0.113989, -0.992841, 0.035683, -1.481406, -0.988185, -0.117012, -0.09899, 1.000483, 0.0, 0.0, 0.0, 1.0],
                [0.087064, -0.019602, -0.99601, -0.302044, 0.103746, -0.994191, 0.028635, -1.468168, -0.990785, -0.105825, -0.084525, 0.993234, 0.0, 0.0, 0.0, 1.0],
                [0.07093, -0.012779, -0.997399, -0.304352, 0.089842, -0.995772, 0.019147, -1.453285, -0.993427, -0.090966, -0.069482, 0.98306, 0.0, 0.0, 0.0, 1.0],
                [0.054861, -0.004767, -0.998483, -0.30734, 0.073195, -0.997279, 0.008783, -1.437489, -0.995807, -0.073566, -0.054362, 0.97056, 0.0, 0.0, 0.0, 1.0],
                [0.039783, 0.00314, -0.999203, -0.31021, 0.05476, -0.998499, -0.000958, -1.421402, -0.997706, -0.054678, -0.039895, 0.956301, 0.0, 0.0, 0.0, 1.0],
                [0.026712, 0.009621, -0.999597, -0.312177, 0.035528, -0.999331, -0.008669, -1.405521, -0.999011, -0.035282, -0.027036, 0.940812, 0.0, 0.0, 0.0, 1.0],
                [0.016723, 0.013337, -0.999771, -0.312461, 0.01651, -0.999778, -0.013061, -1.390246, -0.999724, -0.016288, -0.01694, 0.924584, 0.0, 0.0, 0.0, 1.0],
                [0.010936, 0.012939, -0.999857, -0.310296, -0.001285, -0.999915, -0.012954, -1.375916, -0.999939, 0.001426, -0.010918, 0.908099, 0.0, 0.0, 0.0, 1.0],
                [0.007475, 0.006118, -0.999954, -0.304245, -0.016773, -0.99984, -0.006243, -1.362973, -0.999831, 0.016818, -0.007371, 0.892653, 0.0, 0.0, 0.0, 1.0],
                [0.003998, -0.007009, -0.999968, -0.294516, -0.029271, -0.999548, 0.006889, -1.35238, -0.999563, 0.029242, -0.004201, 0.879507, 0.0, 0.0, 0.0, 1.0],
                [0.000902, -0.024136, -0.999708, -0.282797, -0.038416, -0.998971, 0.024084, -1.345247, -0.999261, 0.038383, -0.001828, 0.869131, 0.0, 0.0, 0.0, 1.0],
                [-0.001497, -0.042944, -0.999076, -0.270782, -0.043867, -0.998113, 0.042969, -1.342627, -0.999036, 0.043891, -0.00039, 0.862026, 0.0, 0.0, 0.0, 1.0],
                [-0.002989, -0.061093, -0.998128, -0.260167, -0.045301, -0.997099, 0.061166, -1.345504, -0.998969, 0.045399, 0.000212, 0.858702, 0.0, 0.0, 0.0, 1.0],
                [-0.003496, -0.076223, -0.997085, -0.252649, -0.042401, -0.996183, 0.076303, -1.354804, -0.999094, 0.042544, 0.00025, 0.859657, 0.0, 0.0, 0.0, 1.0],
                [-0.003098, -0.085958, -0.996294, -0.24991, -0.034845, -0.995684, 0.086014, -1.371458, -0.999387, 0.034982, 8.9e-05, 0.865362, 0.0, 0.0, 0.0, 1.0],
                [-0.00206, -0.0879, -0.996127, -0.253604, -0.022312, -0.995877, 0.087925, -1.396484, -0.999749, 0.022407, 9e-05, 0.876231, 0.0, 0.0, 0.0, 1.0],
                [-0.000863, -0.079621, -0.996825, -0.265335, -0.004482, -0.996815, 0.079624, -1.431118, -0.999989, 0.004537, 0.000503, 0.892619, 0.0, 0.0, 0.0, 1.0],
                [-0.000228, -0.058662, -0.998278, -0.286614, 0.018929, -0.998099, 0.058647, -1.476964, -0.999821, -0.018883, 0.001338, 0.914797, 0.0, 0.0, 0.0, 1.0],
                [-0.007794, -0.04051, -0.999149, -0.322835, 0.043987, -0.998226, 0.04013, -1.548693, -0.999001, -0.043637, 0.009562, 0.94469, 0.0, 0.0, 0.0, 1.0],
                [-0.0236, -0.038187, -0.998992, -0.369571, 0.061411, -0.997438, 0.036677, -1.654752, -0.997833, -0.060484, 0.025885, 0.977106, 0.0, 0.0, 0.0, 1.0],
                [-0.036004, -0.044666, -0.998353, -0.41397, 0.065629, -0.99695, 0.042237, -1.784638, -0.997194, -0.064, 0.038825, 1.002174, 0.0, 0.0, 0.0, 1.0],
                [-0.036767, -0.05288, -0.997923, -0.445165, 0.053882, -0.997251, 0.050859, -1.920846, -0.99787, -0.0519, 0.039516, 1.011806, 0.0, 0.0, 0.0, 1.0],
                [-0.024175, -0.057577, -0.998048, -0.455091, 0.022381, -0.998121, 0.057039, -2.040945, -0.999457, -0.020959, 0.025418, 0.999183, 0.0, 0.0, 0.0, 1.0],
                [-0.00688, -0.054639, -0.998482, -0.445579, -0.016, -0.998372, 0.054743, -2.139549, -0.999848, 0.016353, 0.005994, 0.975536, 0.0, 0.0, 0.0, 1.0],
                [0.007058, -0.046899, -0.998875, -0.426401, -0.046449, -0.997837, 0.046522, -2.228733, -0.998895, 0.046069, -0.009222, 0.955713, 0.0, 0.0, 0.0, 1.0],
                [0.016153, -0.040494, -0.999049, -0.401904, -0.071357, -0.996679, 0.039244, -2.312899, -0.99732, 0.070655, -0.018989, 0.938858, 0.0, 0.0, 0.0, 1.0],
                [0.020106, -0.041825, -0.998923, -0.377317, -0.092107, -0.994953, 0.039805, -2.394885, -0.995546, 0.091207, -0.023857, 0.924374, 0.0, 0.0, 0.0, 1.0],
                [0.019027, -0.056973, -0.998195, -0.358577, -0.109896, -0.992445, 0.05455, -2.475504, -0.993761, 0.10866, -0.025144, 0.911474, 0.0, 0.0, 0.0, 1.0],
                [0.015961, -0.080198, -0.996651, -0.345359, -0.127491, -0.988805, 0.077525, -2.553522, -0.991711, 0.125827, -0.026007, 0.8982, 0.0, 0.0, 0.0, 1.0],
                [0.013846, -0.101918, -0.994696, -0.333253, -0.146569, -0.984253, 0.098808, -2.627785, -0.989103, 0.144424, -0.028566, 0.883393, 0.0, 0.0, 0.0, 1.0],
                [0.012573, -0.122214, -0.992424, -0.322171, -0.166984, -0.978822, 0.118423, -2.698443, -0.985879, 0.16423, -0.032715, 0.867218, 0.0, 0.0, 0.0, 1.0],
                [0.012033, -0.141165, -0.989913, -0.312019, -0.188583, -0.972539, 0.136395, -2.765649, -0.981983, 0.18504, -0.038324, 0.849841, 0.0, 0.0, 0.0, 1.0],
                [0.012113, -0.158852, -0.987228, -0.302709, -0.211205, -0.965432, 0.152753, -2.829552, -0.977366, 0.206657, -0.045245, 0.831421, 0.0, 0.0, 0.0, 1.0],
                [0.012706, -0.175347, -0.984424, -0.294153, -0.234684, -0.957527, 0.167527, -2.890306, -0.971988, 0.2289, -0.053317, 0.812117, 0.0, 0.0, 0.0, 1.0],
                [0.013703, -0.190722, -0.981548, -0.286269, -0.258851, -0.948853, 0.180756, -2.948056, -0.965819, 0.251598, -0.062371, 0.792087, 0.0, 0.0, 0.0, 1.0],
                [0.014999, -0.205039, -0.978639, -0.27898, -0.283531, -0.939447, 0.192482, -3.00294, -0.958845, 0.274588, -0.072226, 0.77149, 0.0, 0.0, 0.0, 1.0],
                [0.016493, -0.218356, -0.97573, -0.272216, -0.30855, -0.929347, 0.202761, -3.055094, -0.951065, 0.297717, -0.082702, 0.750482, 0.0, 0.0, 0.0, 1.0],
                [0.018089, -0.230723, -0.972851, -0.265913, -0.333729, -0.918601, 0.211652, -3.104639, -0.942495, 0.32084, -0.093615, 0.729222, 0.0, 0.0, 0.0, 1.0],
                [0.019692, -0.242182, -0.970031, -0.260014, -0.358893, -0.907268, 0.219227, -3.15169, -0.933171, 0.34382, -0.104784, 0.707868, 0.0, 0.0, 0.0, 1.0],
                [0.021219, -0.252771, -0.967293, -0.254471, -0.38387, -0.895412, 0.225566, -3.196352, -0.923143, 0.366529, -0.116031, 0.686579, 0.0, 0.0, 0.0, 1.0],
                [0.022586, -0.262519, -0.964663, -0.24924, -0.40849, -0.883111, 0.230762, -3.238716, -0.912483, 0.388843, -0.127183, 0.665513, 0.0, 0.0, 0.0, 1.0],
                [0.023721, -0.271451, -0.96216, -0.244287, -0.432591, -0.870449, 0.234912, -3.278863, -0.901278, 0.41065, -0.138075, 0.644826, 0.0, 0.0, 0.0, 1.0],
                [0.024554, -0.279584, -0.959807, -0.23958, -0.456016, -0.857523, 0.238124, -3.316866, -0.889632, 0.431841, -0.148551, 0.624675, 0.0, 0.0, 0.0, 1.0],
                [0.025024, -0.286936, -0.957623, -0.235096, -0.478619, -0.844438, 0.240515, -3.352781, -0.877666, 0.452318, -0.158464, 0.605211, 0.0, 0.0, 0.0, 1.0],
                [0.025074, -0.293515, -0.955625, -0.230813, -0.500258, -0.831311, 0.242206, -3.386659, -0.865513, 0.471986, -0.167678, 0.586585, 0.0, 0.0, 0.0, 1.0],
                [0.024653, -0.299329, -0.953831, -0.226714, -0.520806, -0.818263, 0.243324, -3.418539, -0.853318, 0.490762, -0.176066, 0.568945, 0.0, 0.0, 0.0, 1.0],
                [0.023714, -0.304386, -0.952253, -0.222784, -0.540142, -0.805425, 0.244002, -3.448453, -0.841239, 0.508566, -0.183512, 0.552432, 0.0, 0.0, 0.0, 1.0],
                [0.022213, -0.308689, -0.950903, -0.219007, -0.558156, -0.792934, 0.24437, -3.476431, -0.829438, 0.525324, -0.18991, 0.537187, 0.0, 0.0, 0.0, 1.0],
                [0.020106, -0.312244, -0.949789, -0.21537, -0.574745, -0.780932, 0.244566, -3.50249, -0.818085, 0.54097, -0.195162, 0.523344, 0.0, 0.0, 0.0, 1.0],
                [0.017352, -0.315054, -0.948915, -0.211856, -0.589816, -0.769564, 0.244722, -3.52665, -0.807351, 0.555439, -0.199177, 0.511033, 0.0, 0.0, 0.0, 1.0],
                [0.013906, -0.317125, -0.948282, -0.208444, -0.603279, -0.758975, 0.24497, -3.548932, -0.797408, 0.568672, -0.201869, 0.500381, 0.0, 0.0, 0.0, 1.0],
                [0.009721, -0.318464, -0.947885, -0.205109, -0.615052, -0.749312, 0.245442, -3.569354, -0.788426, 0.580613, -0.203156, 0.491507, 0.0, 0.0, 0.0, 1.0],
                [0.004744, -0.319081, -0.947715, -0.201822, -0.625052, -0.74072, 0.24626, -3.587944, -0.780568, 0.591203, -0.202956, 0.484531, 0.0, 0.0, 0.0, 1.0],
                [-0.000664, -0.319231, -0.947677, -0.198637, -0.634036, -0.732708, 0.247261, -3.605474, -0.773303, 0.601025, -0.201918, 0.478829, 0.0, 0.0, 0.0, 1.0],
                [-0.006086, -0.319171, -0.947678, -0.195632, -0.64282, -0.724692, 0.2482, -3.622698, -0.765992, 0.610697, -0.200759, 0.473689, 0.0, 0.0, 0.0, 1.0],
                [-0.011507, -0.318914, -0.947714, -0.192798, -0.651416, -0.716672, 0.249076, -3.63961, -0.758634, 0.620222, -0.199499, 0.469096, 0.0, 0.0, 0.0, 1.0],
                [-0.016909, -0.318471, -0.947782, -0.190129, -0.65983, -0.708646, 0.249889, -3.656212, -0.751224, 0.6296, -0.198154, 0.465033, 0.0, 0.0, 0.0, 1.0],
                [-0.022279, -0.317853, -0.947878, -0.187618, -0.668071, -0.700614, 0.25064, -3.672501, -0.743763, 0.638834, -0.196739, 0.461482, 0.0, 0.0, 0.0, 1.0],
                [-0.027602, -0.31707, -0.948001, -0.185258, -0.676147, -0.692575, 0.251326, -3.688476, -0.736249, 0.647925, -0.195269, 0.458429, 0.0, 0.0, 0.0, 1.0],
                [-0.032867, -0.316132, -0.948146, -0.183042, -0.684067, -0.684525, 0.251948, -3.704138, -0.728678, 0.656875, -0.193758, 0.455856, 0.0, 0.0, 0.0, 1.0],
                [-0.038062, -0.315049, -0.948312, -0.180963, -0.691836, -0.676465, 0.252504, -3.719486, -0.721051, 0.665687, -0.192215, 0.453748, 0.0, 0.0, 0.0, 1.0],
                [-0.043176, -0.313829, -0.948497, -0.179015, -0.699462, -0.668392, 0.252991, -3.734523, -0.713364, 0.674361, -0.190653, 0.45209, 0.0, 0.0, 0.0, 1.0],
                [-0.048202, -0.312482, -0.9487, -0.177192, -0.706951, -0.660306, 0.25341, -3.749248, -0.705618, 0.682899, -0.189082, 0.450866, 0.0, 0.0, 0.0, 1.0],
                [-0.05313, -0.311015, -0.948919, -0.175486, -0.714309, -0.652204, 0.253758, -3.763665, -0.697811, 0.691303, -0.187509, 0.450061, 0.0, 0.0, 0.0, 1.0],
                [-0.057951, -0.309435, -0.949153, -0.173892, -0.721541, -0.644085, 0.254033, -3.777774, -0.689942, 0.699574, -0.185945, 0.449661, 0.0, 0.0, 0.0, 1.0],
                [-0.06266, -0.307751, -0.949401, -0.172404, -0.728653, -0.635947, 0.254235, -3.791579, -0.68201, 0.707714, -0.184396, 0.44965, 0.0, 0.0, 0.0, 1.0],
                [-0.06725, -0.30597, -0.949663, -0.171015, -0.735648, -0.627791, 0.254361, -3.805083, -0.674017, 0.715724, -0.182867, 0.450013, 0.0, 0.0, 0.0, 1.0],
                [-0.071715, -0.304097, -0.949938, -0.169722, -0.742531, -0.619615, 0.25441, -3.818286, -0.665961, 0.723603, -0.181366, 0.450737, 0.0, 0.0, 0.0, 1.0],
                [-0.076049, -0.30214, -0.950225, -0.168517, -0.749305, -0.611418, 0.254379, -3.831192, -0.657843, 0.731354, -0.179897, 0.451807, 0.0, 0.0, 0.0, 1.0],
                [-0.080248, -0.300105, -0.950524, -0.167396, -0.755974, -0.6032, 0.254269, -3.843806, -0.649664, 0.738976, -0.178466, 0.45321, 0.0, 0.0, 0.0, 1.0],
                [-0.084308, -0.297998, -0.950836, -0.166353, -0.762539, -0.594961, 0.254077, -3.856129, -0.641425, 0.74647, -0.177075, 0.45493, 0.0, 0.0, 0.0, 1.0],
                [-0.088225, -0.295826, -0.951159, -0.165384, -0.769003, -0.586701, 0.253803, -3.868164, -0.633127, 0.753836, -0.175729, 0.456955, 0.0, 0.0, 0.0, 1.0],
                [-0.091996, -0.293593, -0.951493, -0.164484, -0.775368, -0.57842, 0.253444, -3.879915, -0.624772, 0.761074, -0.17443, 0.459271, 0.0, 0.0, 0.0, 1.0],
                [-0.095618, -0.291305, -0.95184, -0.163649, -0.781636, -0.570119, 0.253002, -3.891386, -0.616363, 0.768183, -0.173181, 0.461864, 0.0, 0.0, 0.0, 1.0],
                [-0.099088, -0.288969, -0.952196, -0.162873, -0.787805, -0.561799, 0.252474, -3.902579, -0.607901, 0.775163, -0.171984, 0.464721, 0.0, 0.0, 0.0, 1.0],
                [-0.102404, -0.28659, -0.952565, -0.162154, -0.793879, -0.553463, 0.25186, -3.913496, -0.59939, 0.782013, -0.170841, 0.467829, 0.0, 0.0, 0.0, 1.0],
                [-0.105566, -0.284172, -0.952944, -0.161486, -0.799857, -0.545112, 0.251162, -3.924143, -0.590834, 0.788733, -0.169752, 0.471173, 0.0, 0.0, 0.0, 1.0],
                [-0.10857, -0.281722, -0.953334, -0.160867, -0.805738, -0.536748, 0.250377, -3.934522, -0.582236, 0.79532, -0.16872, 0.474743, 0.0, 0.0, 0.0, 1.0],
                [-0.111418, -0.279245, -0.953734, -0.160292, -0.811522, -0.528373, 0.249508, -3.944635, -0.573601, 0.801775, -0.167743, 0.478523, 0.0, 0.0, 0.0, 1.0],
                [-0.114108, -0.276746, -0.954144, -0.159757, -0.817208, -0.519992, 0.248553, -3.954487, -0.564933, 0.808096, -0.166824, 0.482502, 0.0, 0.0, 0.0, 1.0],
                [-0.11664, -0.274229, -0.954564, -0.15926, -0.822796, -0.511608, 0.247515, -3.964079, -0.556239, 0.814282, -0.165961, 0.486666, 0.0, 0.0, 0.0, 1.0],
                [-0.119015, -0.271701, -0.954994, -0.158798, -0.828284, -0.503225, 0.246394, -3.973415, -0.547523, 0.820331, -0.165154, 0.491003, 0.0, 0.0, 0.0, 1.0],
                [-0.121233, -0.269166, -0.955433, -0.158366, -0.83367, -0.494848, 0.245192, -3.982498, -0.538791, 0.826242, -0.164404, 0.495499, 0.0, 0.0, 0.0, 1.0],
                [-0.123296, -0.266629, -0.95588, -0.157963, -0.838954, -0.486481, 0.243911, -3.991328, -0.530051, 0.832012, -0.163708, 0.500142, 0.0, 0.0, 0.0, 1.0],
                [-0.125204, -0.264095, -0.956335, -0.157586, -0.844132, -0.478131, 0.242552, -3.999911, -0.52131, 0.837642, -0.163067, 0.50492, 0.0, 0.0, 0.0, 1.0],
                [-0.126961, -0.26157, -0.956798, -0.157231, -0.849204, -0.469803, 0.241119, -4.008247, -0.512576, 0.843129, -0.162479, 0.509818, 0.0, 0.0, 0.0, 1.0],
                [-0.128567, -0.259057, -0.957267, -0.156897, -0.854166, -0.461504, 0.239613, -4.016339, -0.503856, 0.848471, -0.161943, 0.514826, 0.0, 0.0, 0.0, 1.0],
                [-0.130027, -0.256562, -0.957742, -0.156582, -0.859017, -0.453241, 0.238039, -4.024189, -0.49516, 0.853667, -0.161458, 0.51993, 0.0, 0.0, 0.0, 1.0],
                [-0.131342, -0.254089, -0.958221, -0.156283, -0.863754, -0.445021, 0.236399, -4.031798, -0.486495, 0.858717, -0.16102, 0.525117, 0.0, 0.0, 0.0, 1.0],
                [-0.132516, -0.251643, -0.958705, -0.155999, -0.868376, -0.436853, 0.234697, -4.039171, -0.477873, 0.863617, -0.160631, 0.530375, 0.0, 0.0, 0.0, 1.0],
                [-0.133554, -0.249228, -0.959192, -0.155727, -0.872879, -0.428744, 0.232938, -4.046307, -0.469303, 0.868368, -0.160286, 0.53569, 0.0, 0.0, 0.0, 1.0],
                [-0.134459, -0.246849, -0.95968, -0.155466, -0.877262, -0.420704, 0.231125, -4.053209, -0.460795, 0.872968, -0.159984, 0.54105, 0.0, 0.0, 0.0, 1.0],
                [-0.135236, -0.244509, -0.96017, -0.155215, -0.881522, -0.412742, 0.229264, -4.059877, -0.45236, 0.877416, -0.159723, 0.546443, 0.0, 0.0, 0.0, 1.0],
                [-0.135889, -0.242213, -0.96066, -0.154972, -0.885658, -0.404867, 0.22736, -4.066313, -0.444009, 0.881711, -0.159501, 0.551855, 0.0, 0.0, 0.0, 1.0],
                [-0.136425, -0.239965, -0.961148, -0.154737, -0.889666, -0.39709, 0.225418, -4.07252, -0.435755, 0.885853, -0.159316, 0.557273, 0.0, 0.0, 0.0, 1.0],
                [-0.136847, -0.237767, -0.961634, -0.154507, -0.893545, -0.389421, 0.223443, -4.078496, -0.427608, 0.889841, -0.159164, 0.562684, 0.0, 0.0, 0.0, 1.0],
                [-0.137163, -0.235623, -0.962116, -0.154284, -0.897295, -0.381871, 0.221442, -4.084245, -0.419582, 0.893675, -0.159045, 0.568076, 0.0, 0.0, 0.0, 1.0],
                [-0.137378, -0.233538, -0.962594, -0.154065, -0.900911, -0.374452, 0.219422, -4.089768, -0.411688, 0.897355, -0.158955, 0.573435, 0.0, 0.0, 0.0, 1.0],
                [-0.137499, -0.231513, -0.963066, -0.153851, -0.904393, -0.367173, 0.217388, -4.095063, -0.40394, 0.90088, -0.158892, 0.578748, 0.0, 0.0, 0.0, 1.0],
                [-0.137533, -0.229551, -0.96353, -0.15364, -0.907739, -0.360049, 0.215347, -4.100135, -0.396351, 0.904251, -0.158854, 0.584002, 0.0, 0.0, 0.0, 1.0],
                [-0.137486, -0.227656, -0.963987, -0.153433, -0.910949, -0.353089, 0.213307, -4.104981, -0.388934, 0.907469, -0.158838, 0.589184, 0.0, 0.0, 0.0, 1.0],
                [-0.137365, -0.225829, -0.964434, -0.153231, -0.914021, -0.346308, 0.211275, -4.109604, -0.381703, 0.910534, -0.158842, 0.594279, 0.0, 0.0, 0.0, 1.0],
                [-0.137178, -0.224073, -0.96487, -0.153031, -0.916954, -0.339716, 0.209258, -4.114006, -0.374671, 0.913446, -0.158863, 0.599276, 0.0, 0.0, 0.0, 1.0],
                [-0.136932, -0.222389, -0.965294, -0.152836, -0.919747, -0.333327, 0.207264, -4.118183, -0.367851, 0.916207, -0.158899, 0.604161, 0.0, 0.0, 0.0, 1.0],
                [-0.136634, -0.22078, -0.965705, -0.152646, -0.9224, -0.327153, 0.205301, -4.12214, -0.36126, 0.918818, -0.158948, 0.60892, 0.0, 0.0, 0.0, 1.0],
                [-0.136293, -0.219248, -0.966103, -0.15246, -0.924913, -0.321207, 0.203377, -4.125875, -0.354909, 0.92128, -0.159007, 0.613539, 0.0, 0.0, 0.0, 1.0],
                [-0.135916, -0.217793, -0.966485, -0.152279, -0.927284, -0.315502, 0.2015, -4.129391, -0.348813, 0.923593, -0.159074, 0.618005, 0.0, 0.0, 0.0, 1.0],
                [-0.135509, -0.216416, -0.966851, -0.152104, -0.929515, -0.31005, 0.199677, -4.132687, -0.342986, 0.92576, -0.159148, 0.622305, 0.0, 0.0, 0.0, 1.0],
                [-0.135082, -0.21512, -0.9672, -0.151936, -0.931604, -0.304866, 0.197917, -4.135763, -0.337442, 0.927782, -0.159225, 0.626425, 0.0, 0.0, 0.0, 1.0],
                [-0.134641, -0.213906, -0.967531, -0.151775, -0.933551, -0.29996, 0.196229, -4.138623, -0.332195, 0.92966, -0.159305, 0.630352, 0.0, 0.0, 0.0, 1.0],
                [-0.134194, -0.212774, -0.967843, -0.151621, -0.935358, -0.295346, 0.19462, -4.141264, -0.327258, 0.931396, -0.159386, 0.634071, 0.0, 0.0, 0.0, 1.0],
                [-0.133748, -0.211725, -0.968134, -0.151477, -0.937022, -0.291037, 0.193098, -4.143689, -0.322646, 0.93299, -0.159465, 0.637569, 0.0, 0.0, 0.0, 1.0],
                [-0.133311, -0.21076, -0.968405, -0.151342, -0.938545, -0.287044, 0.191672, -4.145896, -0.318372, 0.934444, -0.159541, 0.640833, 0.0, 0.0, 0.0, 1.0],
                [-0.132889, -0.20988, -0.968654, -0.151217, -0.939927, -0.28338, 0.190348, -4.147889, -0.314448, 0.935759, -0.159614, 0.64385, 0.0, 0.0, 0.0, 1.0],
                [-0.132488, -0.209087, -0.968881, -0.151104, -0.941167, -0.280057, 0.189136, -4.149668, -0.310888, 0.936937, -0.159681, 0.646605, 0.0, 0.0, 0.0, 1.0],
                [-0.132116, -0.20838, -0.969083, -0.151002, -0.942265, -0.277087, 0.188042, -4.151231, -0.307705, 0.937976, -0.159742, 0.649085, 0.0, 0.0, 0.0, 1.0],
                [-0.131779, -0.207763, -0.969262, -0.150913, -0.94322, -0.27448, 0.187074, -4.152582, -0.30491, 0.93888, -0.159796, 0.651277, 0.0, 0.0, 0.0, 1.0],
                [-0.131481, -0.207235, -0.969415, -0.150837, -0.944032, -0.272247, 0.186237, -4.153723, -0.302516, 0.939646, -0.159841, 0.653168, 0.0, 0.0, 0.0, 1.0],
                [-0.131228, -0.206799, -0.969543, -0.150774, -0.9447, -0.2704, 0.18554, -4.154652, -0.300534, 0.940275, -0.159879, 0.654744, 0.0, 0.0, 0.0, 1.0],
                [-0.131025, -0.206456, -0.969643, -0.150726, -0.945222, -0.268947, 0.184989, -4.155372, -0.298975, 0.940767, -0.159908, 0.655993, 0.0, 0.0, 0.0, 1.0],
                [-0.130876, -0.206207, -0.969717, -0.150691, -0.945599, -0.267899, 0.184589, -4.155884, -0.29785, 0.941121, -0.159928, 0.656901, 0.0, 0.0, 0.0, 1.0],
                [-0.130784, -0.206056, -0.969761, -0.15067, -0.945826, -0.267264, 0.184345, -4.156191, -0.297168, 0.941334, -0.15994, 0.657454, 0.0, 0.0, 0.0, 1.0],
                [-0.130753, -0.206006, -0.969776, -0.150663, -0.945902, -0.267051, 0.184263, -4.156292, -0.296939, 0.941406, -0.159943, 0.657642, 0.0, 0.0, 0.0, 1.0]
            ]
        },
        {
            "name": "Tool_s_R",
            "time": [0.0, 0.0167, 0.0333, 0.05, 0.0667, 0.0833, 0.1, 0.1167, 0.1333, 0.15, 0.1667, 0.1833, 0.2, 0.2167, 0.2333, 0.25, 0.2667, 0.2833, 0.3, 0.3167, 0.3333, 0.35, 0.3667, 0.3833, 0.4, 0.4167, 0.4333, 0.45, 0.4667, 0.4833, 0.5, 0.5167, 0.5333, 0.55, 0.5667, 0.5833, 0.6, 0.6167, 0.6333, 0.65, 0.6667, 0.6833, 0.7, 0.7167, 0.7333, 0.75, 0.7667, 0.7833, 0.8, 0.8167, 0.8333, 0.85, 0.8667, 0.8833, 0.9, 0.9167, 0.9333, 0.95, 0.9667, 0.9833, 1.0, 1.0167, 1.0333, 1.05, 1.0667, 1.0833, 1.1, 1.1167, 1.1333, 1.15, 1.1667, 1.1833, 1.2, 1.2167, 1.2333, 1.25, 1.2667, 1.2833, 1.3, 1.3167, 1.3333, 1.35, 1.3667, 1.3833, 1.4, 1.4167, 1.4333, 1.45, 1.4667, 1.4833, 1.5, 1.5167, 1.5333, 1.55, 1.5667, 1.5833, 1.6, 1.6167, 1.6333, 1.65, 1.6667, 1.6833, 1.7, 1.7167, 1.7333, 1.75, 1.7667, 1.7833, 1.8, 1.8167, 1.8333, 1.85, 1.8667, 1.8833, 1.9, 1.9167, 1.9333, 1.95, 1.9667, 1.9833, 2.0, 2.0167, 2.0333, 2.05, 2.0667, 2.0833, 2.1, 2.1167, 2.1333, 2.15, 2.1667, 2.1833, 2.2, 2.2167, 2.2333, 2.25, 2.2667, 2.2833, 2.3, 2.3167, 2.3333, 2.35, 2.3667, 2.3833, 2.4, 2.4167, 2.4333, 2.45, 2.4667, 2.4833, 2.5, 2.5167, 2.5333, 2.55, 2.5667, 2.5833, 2.6, 2.6167, 2.6333, 2.65, 2.6667],
            "transform": [
                [0.067471, -0.696222, -0.714649, 0.219836, -0.550552, 0.571377, -0.608622, -0.859049, 0.83207, 0.434516, -0.344755, 0.691864, 0.0, 0.0, 0.0, 1.0],
                [0.069215, -0.696558, -0.714155, 0.222559, -0.546035, 0.572665, -0.611475, -0.865833, 0.834899, 0.432277, -0.340707, 0.695253, 0.0, 0.0, 0.0, 1.0],
                [0.074299, -0.697442, -0.71278, 0.229538, -0.532957, 0.576347, -0.6195, -0.88509, 0.842874, 0.42591, -0.328884, 0.705032, 0.0, 0.0, 0.0, 1.0],
                [0.081846, -0.697803, -0.711598, 0.237522, -0.511731, 0.583267, -0.630818, -0.914934, 0.855239, 0.415777, -0.30935, 0.720927, 0.0, 0.0, 0.0, 1.0],
                [0.090212, -0.694926, -0.7134, 0.241013, -0.482634, 0.596082, -0.641677, -0.953049, 0.871163, 0.402199, -0.281621, 0.742894, 0.0, 0.0, 0.0, 1.0],
                [0.097291, -0.683484, -0.723453, 0.231849, -0.44637, 0.619726, -0.645517, -0.996311, 0.889544, 0.385731, -0.244793, 0.770785, 0.0, 0.0, 0.0, 1.0],
                [0.101292, -0.654303, -0.749418, 0.199695, -0.404969, 0.66094, -0.63179, -1.039853, 0.908702, 0.367487, -0.198025, 0.803769, 0.0, 0.0, 0.0, 1.0],
                [0.102076, -0.593998, -0.797964, 0.135612, -0.362983, 0.724606, -0.585824, -1.0756, 0.926188, 0.349446, -0.141646, 0.839515, 0.0, 0.0, 0.0, 1.0],
                [0.101999, -0.489379, -0.866086, 0.040628, -0.328262, 0.805303, -0.493692, -1.092668, 0.939063, 0.334659, -0.078504, 0.873647, 0.0, 0.0, 0.0, 1.0],
                [0.104229, -0.340836, -0.934327, -0.066267, -0.310381, 0.881377, -0.356145, -1.085141, 0.944881, 0.327118, -0.013924, 0.900626, 0.0, 0.0, 0.0, 1.0],
                [0.109528, -0.173691, -0.978691, -0.156756, -0.315331, 0.927683, -0.199928, -1.063582, 0.94264, 0.330509, 0.046838, 0.916499, 0.0, 0.0, 0.0, 1.0],
                [0.116328, -0.023647, -0.992929, -0.216416, -0.341246, 0.937906, -0.062316, -1.049843, 0.932748, 0.346082, 0.101035, 0.920916, 0.0, 0.0, 0.0, 1.0],
                [0.123087, 0.089889, -0.988317, -0.251553, -0.381238, 0.923755, 0.036537, -1.057209, 0.916247, 0.372286, 0.147971, 0.915969, 0.0, 0.0, 0.0, 1.0],
                [0.128177, 0.16871, -0.977296, -0.27628, -0.429065, 0.897863, 0.098724, -1.083278, 0.894133, 0.406669, 0.187473, 0.903933, 0.0, 0.0, 0.0, 1.0],
                [0.111799, 0.260802, -0.958897, -0.321827, -0.48363, 0.857238, 0.176766, -1.092413, 0.868103, 0.443989, 0.22197, 0.88992, 0.0, 0.0, 0.0, 1.0],
                [0.03271, 0.417663, -0.908014, -0.401641, -0.540954, 0.771325, 0.335302, -1.032888, 0.840416, 0.480226, 0.251166, 0.877091, 0.0, 0.0, 0.0, 1.0],
                [-0.142199, 0.604795, -0.783583, -0.454339, -0.544262, 0.613445, 0.572245, -0.886985, 0.826776, 0.507847, 0.241935, 0.863742, 0.0, 0.0, 0.0, 1.0],
                [-0.352812, 0.765421, -0.538197, -0.394794, -0.409509, 0.390864, 0.824335, -0.718994, 0.841325, 0.511231, 0.175545, 0.852664, 0.0, 0.0, 0.0, 1.0],
                [-0.453304, 0.87132, -0.187929, -0.234698, -0.158644, 0.128604, 0.978925, -0.656327, 0.877125, 0.473564, 0.079933, 0.853762, 0.0, 0.0, 0.0, 1.0],
                [-0.38434, 0.907612, 0.168889, -0.08438, 0.06787, -0.154667, 0.985633, -0.741415, 0.920694, 0.39028, -0.002155, 0.875227, 0.0, 0.0, 0.0, 1.0],
                [-0.225446, 0.846058, 0.483074, -0.004447, 0.169949, -0.454085, 0.874599, -0.903468, 0.959318, 0.279274, -0.041415, 0.911091, 0.0, 0.0, 0.0, 1.0],
                [-0.081789, 0.667902, 0.739741, 0.022809, 0.15363, -0.724908, 0.671496, -1.075163, 0.984738, 0.168567, -0.04332, 0.945834, 0.0, 0.0, 0.0, 1.0],
                [-0.001702, 0.393962, 0.919125, 0.044556, 0.087898, -0.91551, 0.392576, -1.237061, 0.996128, 0.081457, -0.03307, 0.96742, 0.0, 0.0, 0.0, 1.0],
                [0.054913, 0.139459, 0.988704, 0.163853, 0.093572, -0.98656, 0.133959, -1.504974, 0.994097, 0.085158, -0.067224, 0.94161, 0.0, 0.0, 0.0, 1.0],
                [0.156039, -0.274591, 0.948816, 0.152704, 0.029495, -0.958859, -0.282348, -1.997791, 0.98731, 0.072042, -0.141521, 0.926881, 0.0, 0.0, 0.0, 1.0],
                [-0.026259, -0.568651, 0.82216, 0.01033, -0.091174, -0.817654, -0.568446, -2.251698, 0.995489, -0.089886, -0.030375, 0.966043, 0.0, 0.0, 0.0, 1.0],
                [-0.400493, -0.720569, 0.566027, 0.010718, -0.127831, -0.567754, -0.813213, -2.453585, 0.90734, -0.398042, 0.13527, 1.008775, 0.0, 0.0, 0.0, 1.0],
                [-0.713422, -0.688918, 0.128144, 0.019124, -0.121494, -0.058494, -0.990867, -2.736284, 0.690121, -0.722476, -0.041968, 1.021308, 0.0, 0.0, 0.0, 1.0],
                [-0.907747, -0.408644, -0.094903, -0.008218, -0.104844, 0.440018, -0.891847, -3.000533, 0.406208, -0.799622, -0.442268, 0.960672, 0.0, 0.0, 0.0, 1.0],
                [-0.982342, -0.175309, -0.06535, -0.02106, -0.092657, 0.759307, -0.644103, -3.182205, 0.162538, -0.626674, -0.762143, 0.851845, 0.0, 0.0, 0.0, 1.0],
                [-0.994048, -0.108881, -0.003677, -0.014198, -0.094328, 0.877095, -0.470964, -3.264069, 0.054504, -0.467814, -0.882145, 0.781981, 0.0, 0.0, 0.0, 1.0],
                [-0.990072, -0.139574, 0.016671, 0.013324, -0.133666, 0.898123, -0.418937, -3.288441, 0.0435, -0.417006, -0.907862, 0.765987, 0.0, 0.0, 0.0, 1.0],
                [-0.972999, -0.225738, 0.048134, 0.082943, -0.226811, 0.896442, -0.380721, -3.294312, 0.042794, -0.381358, -0.923436, 0.762145, 0.0, 0.0, 0.0, 1.0],
                [-0.928977, -0.359771, 0.086989, 0.189568, -0.366203, 0.859182, -0.357354, -3.273274, 0.053826, -0.36383, -0.929909, 0.771881, 0.0, 0.0, 0.0, 1.0],
                [-0.839564, -0.526078, 0.135552, 0.324298, -0.537267, 0.767074, -0.35063, -3.212608, 0.08048, -0.367204, -0.926652, 0.797057, 0.0, 0.0, 0.0, 1.0],
                [-0.688838, -0.696211, 0.201978, 0.470624, -0.713322, 0.601345, -0.359939, -3.098948, 0.129135, -0.392015, -0.910851, 0.838721, 0.0, 0.0, 0.0, 1.0],
                [-0.474996, -0.828268, 0.297238, 0.602822, -0.855299, 0.355088, -0.377327, -2.924915, 0.206982, -0.433456, -0.877083, 0.895104, 0.0, 0.0, 0.0, 1.0],
                [-0.221464, -0.876627, 0.427176, 0.690367, -0.921991, 0.045548, -0.384523, -2.697207, 0.317626, -0.479011, -0.818329, 0.959684, 0.0, 0.0, 0.0, 1.0],
                [0.024063, -0.812233, 0.582837, 0.709559, -0.889906, -0.283044, -0.357706, -2.440276, 0.455509, -0.510062, -0.729622, 1.021255, 0.0, 0.0, 0.0, 1.0],
                [0.209453, -0.640854, 0.738536, 0.656036, -0.768838, -0.574608, -0.280561, -2.18953, 0.604167, -0.50905, -0.613066, 1.067442, 0.0, 0.0, 0.0, 1.0],
                [0.304815, -0.402056, 0.863388, 0.547499, -0.597062, -0.786946, -0.155669, -1.976455, 0.742028, -0.468046, -0.479925, 1.08997, 0.0, 0.0, 0.0, 1.0],
                [0.313771, -0.148099, 0.937878, 0.413716, -0.418853, -0.908049, -0.00326, -1.816842, 0.852122, -0.39181, -0.34695, 1.087621, 0.0, 0.0, 0.0, 1.0],
                [0.263059, 0.079092, 0.961532, 0.282761, -0.264017, -0.952689, 0.150595, -1.709869, 0.927952, -0.293476, -0.229732, 1.064975, 0.0, 0.0, 0.0, 1.0],
                [0.184441, 0.257535, 0.948503, 0.173257, -0.142352, -0.947884, 0.285049, -1.645114, 0.97248, -0.187596, -0.138168, 1.028889, 0.0, 0.0, 0.0, 1.0],
                [0.103042, 0.38178, 0.918491, 0.094229, -0.049474, -0.920296, 0.388081, -1.610234, 0.993446, -0.08543, -0.075941, 0.985572, 0.0, 0.0, 0.0, 1.0],
                [0.034901, 0.454653, 0.889984, 0.048712, 0.024999, -0.890646, 0.454011, -1.595537, 0.999078, 0.006403, -0.04245, 0.939338, 0.0, 0.0, 0.0, 1.0],
                [-0.005452, 0.490595, 0.871371, 0.032603, 0.070861, -0.869004, 0.489706, -1.601896, 0.997472, 0.064416, -0.030026, 0.903167, 0.0, 0.0, 0.0, 1.0],
                [-0.015901, 0.50583, 0.862487, 0.03527, 0.081821, -0.859045, 0.50532, -1.631225, 0.996521, 0.078604, -0.027728, 0.885122, 0.0, 0.0, 0.0, 1.0],
                [-0.008099, 0.502368, 0.864616, 0.048263, 0.068788, -0.862317, 0.501676, -1.681292, 0.997599, 0.063538, -0.027573, 0.881971, 0.0, 0.0, 0.0, 1.0],
                [0.00448, 0.479697, 0.877423, 0.063041, 0.040694, -0.876792, 0.479145, -1.74971, 0.999162, 0.033559, -0.023449, 0.89022, 0.0, 0.0, 0.0, 1.0],
                [0.010942, 0.438624, 0.898603, 0.071732, 0.00954, -0.898663, 0.438537, -1.831082, 0.999895, 0.003775, -0.014018, 0.904487, 0.0, 0.0, 0.0, 1.0],
                [0.007997, 0.382366, 0.923976, 0.069876, -0.012002, -0.923903, 0.382439, -1.917052, 0.999896, -0.014148, -0.002799, 0.918811, 0.0, 0.0, 0.0, 1.0],
                [-0.00125, 0.315036, 0.949079, 0.058807, -0.021779, -0.948864, 0.314936, -1.999882, 0.999762, -0.020277, 0.008047, 0.931702, 0.0, 0.0, 0.0, 1.0],
                [-0.012199, 0.238919, 0.970963, 0.045342, -0.02147, -0.970874, 0.238627, -2.076274, 0.999696, -0.017935, 0.016973, 0.942087, 0.0, 0.0, 0.0, 1.0],
                [-0.020758, 0.153158, 0.987984, 0.038744, -0.013442, -0.98815, 0.152901, -2.148443, 0.999694, -0.010106, 0.022571, 0.948537, 0.0, 0.0, 0.0, 1.0],
                [-0.023986, 0.053618, 0.998273, 0.048021, 0.000172, -0.99856, 0.053638, -2.222866, 0.999712, 0.001459, 0.023943, 0.949739, 0.0, 0.0, 0.0, 1.0],
                [-0.064297, -0.068576, 0.995572, 0.104898, -0.153597, -0.985068, -0.077772, -2.343955, 0.98604, -0.157917, 0.052804, 1.040191, 0.0, 0.0, 0.0, 1.0],
                [-0.294629, -0.219225, 0.930126, 0.193594, -0.514291, -0.783977, -0.347686, -2.6472, 0.805419, -0.580794, 0.118237, 1.253366, 0.0, 0.0, 0.0, 1.0],
                [-0.694474, -0.249061, 0.675036, 0.160302, -0.618397, -0.272992, -0.736926, -3.151565, 0.367819, -0.929217, 0.035567, 1.352833, 0.0, 0.0, 0.0, 1.0],
                [-0.92123, -0.142308, 0.362055, 0.029443, -0.381429, 0.147474, -0.912559, -3.526068, 0.076471, -0.978774, -0.190138, 1.26049, 0.0, 0.0, 0.0, 1.0],
                [-0.968143, -0.125997, 0.216391, -0.020816, -0.245595, 0.309318, -0.918698, -3.711253, 0.048819, -0.942575, -0.330408, 1.182489, 0.0, 0.0, 0.0, 1.0],
                [-0.963454, -0.201785, 0.176184, -0.004123, -0.240427, 0.361357, -0.900897, -3.83112, 0.118122, -0.910332, -0.396665, 1.150062, 0.0, 0.0, 0.0, 1.0],
                [-0.95252, -0.273466, 0.133877, 0.009976, -0.240448, 0.405848, -0.881744, -3.942239, 0.186793, -0.872069, -0.452332, 1.118949, 0.0, 0.0, 0.0, 1.0],
                [-0.935642, -0.341168, 0.09044, 0.021883, -0.244913, 0.443056, -0.862392, -4.04521, 0.254151, -0.82904, -0.498098, 1.0894, 0.0, 0.0, 0.0, 1.0],
                [-0.913119, -0.40502, 0.046621, 0.031908, -0.253035, 0.473344, -0.843753, -4.140599, 0.319669, -0.782243, -0.534703, 1.061539, 0.0, 0.0, 0.0, 1.0],
                [-0.885235, -0.465135, 0.00304, 0.040315, -0.264049, 0.497131, -0.826522, -4.228931, 0.382933, -0.732469, -0.562896, 1.035401, 0.0, 0.0, 0.0, 1.0],
                [-0.852269, -0.521589, -0.039788, 0.047324, -0.277224, 0.514861, -0.811212, -4.310688, 0.443604, -0.680341, -0.583397, 1.010958, 0.0, 0.0, 0.0, 1.0],
